   5.9300000e-01
   5.9175541e-01
   5.9048581e-01
   5.8919911e-01
   5.8790032e-01
   5.8659270e-01
   5.8527848e-01
   5.8395918e-01
   5.8263591e-01
   5.8130946e-01
   5.7998044e-01
   5.7864930e-01
   5.7731639e-01
   5.7598199e-01
   5.7464632e-01
   5.7330955e-01
   5.7197184e-01
   5.7063329e-01
   5.6929400e-01
   5.6795406e-01
   5.6661354e-01
   5.6527249e-01
   5.6393096e-01
   5.6258899e-01
   5.6124663e-01
   5.5990391e-01
   5.5856084e-01
   5.5721747e-01
   5.5587380e-01
   5.5452986e-01
   5.5318566e-01
   5.5184122e-01
   5.5049655e-01
   5.4915167e-01
   5.4780658e-01
   5.4646129e-01
   5.4511582e-01
   5.4377017e-01
   5.4242435e-01
   5.4107836e-01
   5.3973221e-01
   5.3838590e-01
   5.3703945e-01
   5.3569285e-01
   5.3434611e-01
   5.3299923e-01
   5.3165222e-01
   5.3030508e-01
   5.2895781e-01
   5.2761042e-01
   5.2626291e-01
   5.2491527e-01
   5.2356752e-01
   5.2221965e-01
   5.2087167e-01
   5.1952358e-01
   5.1817537e-01
   5.1682706e-01
   5.1547864e-01
   5.1413012e-01
   5.1278149e-01
   5.1143276e-01
   5.1008392e-01
   5.0873499e-01
   5.0738595e-01
   5.0603682e-01
   5.0468759e-01
   5.0333826e-01
   5.0198883e-01
   5.0063931e-01
   4.9928969e-01
   4.9793998e-01
   4.9659018e-01
   4.9524028e-01
   4.9389029e-01
   4.9254021e-01
   4.9119003e-01
   4.8983977e-01
   4.8848941e-01
   4.8713896e-01
   4.8578843e-01
   4.8443780e-01
   4.8308709e-01
   4.8173629e-01
   4.8038539e-01
   4.7903442e-01
   4.7768335e-01
   4.7633220e-01
   4.7498096e-01
   4.7362963e-01
   4.7227821e-01
   4.7092671e-01
   4.6957513e-01
   4.6822346e-01
   4.6687170e-01
   4.6551985e-01
   4.6416793e-01
   4.6281591e-01
   4.6146382e-01
   4.6011163e-01
   4.5875937e-01
   4.5740702e-01
   4.5605458e-01
   4.5470206e-01
   4.5334946e-01
   4.5199677e-01
   4.5064400e-01
   4.4929115e-01
   4.4793821e-01
   4.4658519e-01
   4.4523209e-01
   4.4387891e-01
   4.4252564e-01
   4.4117229e-01
   4.3981885e-01
   4.3846534e-01
   4.3711174e-01
   4.3575806e-01
   4.3440429e-01
   4.3305045e-01
   4.3169652e-01
   4.3034251e-01
   4.2898842e-01
   4.2763424e-01
   4.2627999e-01
   4.2492565e-01
   4.2357123e-01
   4.2221673e-01
   4.2086215e-01
   4.1950748e-01
   4.1815274e-01
   4.1679791e-01
   4.1544300e-01
   4.1408801e-01
   4.1273294e-01
   4.1137779e-01
   4.1002255e-01
   4.0866724e-01
   4.0731184e-01
   4.0595637e-01
   4.0460081e-01
   4.0324517e-01
   4.0188945e-01
   4.0053365e-01
   3.9917777e-01
   3.9782180e-01
   3.9646576e-01
   3.9510963e-01
   3.9375343e-01
   3.9239714e-01
   3.9104077e-01
   3.8968433e-01
   3.8832780e-01
   3.8697119e-01
   3.8561450e-01
   3.8425773e-01
   3.8290087e-01
   3.8154394e-01
   3.8018693e-01
   3.7882984e-01
   3.7747266e-01
   3.7611541e-01
   3.7475807e-01
   3.7340066e-01
   3.7204316e-01
   3.7068558e-01
   3.6932793e-01
   3.6797019e-01
   3.6661237e-01
   3.6525447e-01
   3.6389649e-01
   3.6253843e-01
   3.6118029e-01
   3.5982207e-01
   3.5846377e-01
   3.5710539e-01
   3.5574692e-01
   3.5438838e-01
   3.5302976e-01
   3.5167106e-01
   3.5031227e-01
   3.4895341e-01
   3.4759446e-01
   3.4623544e-01
   3.4487633e-01
   3.4351715e-01
   3.4215788e-01
   3.4079853e-01
   3.3943911e-01
   3.3807960e-01
   3.3672001e-01
   3.3536034e-01
   3.3400059e-01
   3.3264076e-01
   3.3128086e-01
   3.2992087e-01
   3.2856079e-01
   3.2720064e-01
   3.2584041e-01
   3.2448010e-01
   3.2311971e-01
   3.2175924e-01
   3.2039869e-01
   3.1903805e-01
   3.1767734e-01
   3.1631654e-01
   3.1495567e-01
   3.1359472e-01
   3.1223368e-01
   3.1087256e-01
   3.0951137e-01
   3.0815009e-01
   3.0678874e-01
   3.0542730e-01
   3.0406578e-01
   3.0270418e-01
   3.0134250e-01
   2.9998074e-01
   2.9861890e-01
   2.9725698e-01
   2.9589498e-01
   2.9453290e-01
   2.9317074e-01
   2.9180850e-01
   2.9044618e-01
   2.8908377e-01
   2.8772129e-01
   2.8635873e-01
   2.8499608e-01
   2.8363336e-01
   2.8227055e-01
   2.8090766e-01
   2.7954470e-01
   2.7818165e-01
   2.7681852e-01
   2.7545531e-01
   2.7409202e-01
   2.7272866e-01
   2.7136520e-01
   2.7000167e-01
   2.6863806e-01
   2.6727437e-01
   2.6591060e-01
   2.6454674e-01
   2.6318281e-01
   2.6181879e-01
   2.6045470e-01
   2.5909052e-01
   2.5772627e-01
   2.5636193e-01
   2.5499751e-01
   2.5363301e-01
   2.5226843e-01
   2.5090377e-01
   2.4953903e-01
   2.4817421e-01
   2.4680931e-01
   2.4544432e-01
   2.4407926e-01
   2.4271411e-01
   2.4134889e-01
   2.3998358e-01
   2.3861819e-01
   2.3725272e-01
   2.3588717e-01
   2.3452154e-01
   2.3315583e-01
   2.3179004e-01
   2.3042417e-01
   2.2905822e-01
   2.2769218e-01
   2.2632607e-01
   2.2495987e-01
   2.2359359e-01
   2.2222723e-01
   2.2086079e-01
   2.1949427e-01
   2.1812767e-01
   2.1676099e-01
   2.1539423e-01
   2.1402738e-01
   2.1266046e-01
   2.1129345e-01
   2.0992637e-01
   2.0855920e-01
   2.0719195e-01
   2.0582462e-01
   2.0445721e-01
   2.0308971e-01
   2.0172214e-01
   2.0035448e-01
   1.9898675e-01
   1.9761893e-01
   1.9625103e-01
   1.9488305e-01
   1.9351499e-01
   1.9214685e-01
   1.9077863e-01
   1.8941032e-01
   1.8804194e-01
   1.8667347e-01
   1.8530492e-01
   1.8393629e-01
   1.8256758e-01
   1.8119879e-01
   1.7982992e-01
   1.7846096e-01
   1.7709193e-01
   1.7572281e-01
   1.7435361e-01
   1.7298433e-01
   1.7161497e-01
   1.7024553e-01
   1.6887600e-01
   1.6750640e-01
   1.6613671e-01
   1.6476694e-01
   1.6339709e-01
   1.6202716e-01
   1.6065715e-01
   1.5928705e-01
   1.5791688e-01
   1.5654662e-01
   1.5517628e-01
   1.5380586e-01
   1.5243536e-01
   1.5106477e-01
   1.4969411e-01
   1.4832336e-01
   1.4695253e-01
   1.4558162e-01
   1.4421063e-01
   1.4283956e-01
   1.4146840e-01
   1.4009717e-01
   1.3872585e-01
   1.3735445e-01
   1.3598297e-01
   1.3461140e-01
   1.3323976e-01
   1.3186803e-01
   1.3049622e-01
   1.2912433e-01
   1.2775236e-01
   1.2638030e-01
   1.2500817e-01
   1.2363595e-01
   1.2226365e-01
   1.2089127e-01
   1.1951881e-01
   1.1814626e-01
   1.1677363e-01
   1.1540093e-01
   1.1402813e-01
   1.1265526e-01
   1.1128231e-01
   1.0990927e-01
   1.0853615e-01
   1.0716295e-01
   1.0578967e-01
   1.0441630e-01
   1.0304286e-01
   1.0166933e-01
   1.0029572e-01
   9.8922024e-02
   9.7548249e-02
   9.6174391e-02
   9.4800452e-02
   9.3426431e-02
   9.2052327e-02
   9.0678142e-02
   8.9303874e-02
   8.7929524e-02
   8.6555092e-02
   8.5180578e-02
   8.3805981e-02
   8.2431302e-02
   8.1056541e-02
   7.9681698e-02
   7.8306772e-02
   7.6931764e-02
   7.5556674e-02
   7.4181501e-02
   7.2806247e-02
   7.1430909e-02
   7.0055490e-02
   6.8679988e-02
   6.7304404e-02
   6.5928737e-02
   6.4552988e-02
   6.3177156e-02
   6.1801242e-02
   6.0425246e-02
   5.9049167e-02
   5.7673006e-02
   5.6296762e-02
   5.4920435e-02
   5.3544027e-02
   5.2167535e-02
   5.0790961e-02
   4.9414304e-02
   4.8037565e-02
   4.6660744e-02
   4.5283839e-02
   4.3906852e-02
   4.2529783e-02
   4.1152630e-02
   3.9775395e-02
   3.8398078e-02
   3.7020678e-02
   3.5643195e-02
   3.4265629e-02
   3.2887980e-02
   3.1510249e-02
   3.0132435e-02
   2.8754538e-02
   2.7376559e-02
   2.5998496e-02
   2.4620351e-02
   2.3242123e-02
   2.1863812e-02
   2.0485419e-02
   1.9106942e-02
   1.7728383e-02
   1.6349740e-02
   1.4971015e-02
   1.3592207e-02
   1.2213315e-02
   1.0834341e-02
   9.4552840e-03
   8.0761439e-03
   6.6969207e-03
   5.3176145e-03
   3.9382253e-03
   2.5587530e-03
   1.1791977e-03
  -2.0044069e-04
  -1.5801622e-03
  -2.9599668e-03
  -4.3398545e-03
  -5.7198254e-03
  -7.0998794e-03
  -8.4800166e-03
  -9.8602370e-03
  -1.1240541e-02
  -1.2620927e-02
  -1.4001397e-02
  -1.5381951e-02
  -1.6762587e-02
  -1.8143307e-02
  -1.9524110e-02
  -2.0904996e-02
  -2.2285966e-02
  -2.3667019e-02
  -2.5048155e-02
  -2.6429375e-02
  -2.7810678e-02
  -2.9192064e-02
  -3.0573534e-02
  -3.1955087e-02
  -3.3336724e-02
  -3.4718444e-02
  -3.6100248e-02
  -3.7482135e-02
  -3.8864105e-02
  -4.0246159e-02
  -4.1628297e-02
  -4.3010518e-02
  -4.4392822e-02
  -4.5775211e-02
  -4.7157682e-02
  -4.8540238e-02
  -4.9922877e-02
  -5.1305599e-02
  -5.2688405e-02
  -5.4071295e-02
  -5.5454269e-02
  -5.6837326e-02
  -5.8220467e-02
  -5.9603691e-02
  -6.0987000e-02
  -6.2370392e-02
  -6.3753868e-02
  -6.5137427e-02
  -6.6521071e-02
  -6.7904798e-02
  -6.9288609e-02
  -7.0672503e-02
  -7.2056482e-02
  -7.3440545e-02
  -7.4824691e-02
  -7.6208921e-02
  -7.7593235e-02
  -7.8977633e-02
  -8.0362115e-02
  -8.1746681e-02
  -8.3131331e-02
  -8.4516065e-02
  -8.5900883e-02
  -8.7285785e-02
  -8.8670771e-02
