   1.0000000e+00   5.6125858e-01   1.3174650e+01   9.9282663e-01
   1.0000175e+00   5.6123705e-01   9.8273253e+00   7.4211619e-01
   1.0000220e+00   5.6123152e-01   7.3245467e+00   1.0226095e+00
   1.0000167e+00   5.6123811e-01   5.4590724e+00   1.2309085e+00
   1.0000040e+00   5.6125371e-01   4.0677601e+00   1.3859840e+00
   9.9998580e-01   5.6127603e-01   3.0298380e+00   1.5016262e+00
   9.9996354e-01   5.6130336e-01   2.2555760e+00   1.5879500e+00
   9.9993823e-01   5.6133444e-01   1.6781410e+00   1.6524233e+00
   9.9991065e-01   5.6136831e-01   1.2476720e+00   1.7005858e+00
   9.9988136e-01   5.6140429e-01   9.2693223e-01   1.7365610e+00
   9.9985079e-01   5.6144183e-01   6.8809806e-01   1.7634254e+00
   9.9981928e-01   5.6148053e-01   5.1037520e-01   1.7834775e+00
   9.9978706e-01   5.6152012e-01   3.7822419e-01   1.7984367e+00
   9.9975430e-01   5.6156036e-01   2.8003575e-01   1.8095894e+00
   9.9972115e-01   5.6160109e-01   2.0714046e-01   1.8178985e+00
   9.9968769e-01   5.6164219e-01   1.5306790e-01   1.8240842e+00
   9.9965402e-01   5.6168357e-01   1.1299188e-01   1.8286856e+00
   9.9962018e-01   5.6172515e-01   8.3315192e-02   1.8321057e+00
   9.9958622e-01   5.6176688e-01   6.1358621e-02   1.8346456e+00
   9.9955217e-01   5.6180874e-01   4.5128282e-02   1.8365301e+00
   9.9951804e-01   5.6185068e-01   3.3141521e-02   1.8379272e+00
   9.9948386e-01   5.6189269e-01   2.4296767e-02   1.8389620e+00
   9.9944964e-01   5.6193476e-01   1.7776280e-02   1.8397276e+00
   9.9941539e-01   5.6197686e-01   1.2973542e-02   1.8402937e+00
   9.9938111e-01   5.6201900e-01   9.4390857e-03   1.8407117e+00
   9.9934682e-01   5.6206116e-01   6.8400987e-03   1.8410200e+00
   9.9931251e-01   5.6210335e-01   4.9303295e-03   1.8412471e+00
   9.9927819e-01   5.6214555e-01   3.5276685e-03   1.8414140e+00
   9.9924386e-01   5.6218777e-01   2.4974329e-03   1.8415363e+00
   9.9920953e-01   5.6223000e-01   1.7398447e-03   1.8416253e+00
   9.9917518e-01   5.6227224e-01   1.1804443e-03   1.8416889e+00
   9.9914083e-01   5.6231449e-01   7.6192710e-04   1.8417311e+00
   9.9910647e-01   5.6235675e-01   4.3173998e-04   1.8417438e+00
