   0.0000000e+00   1.0018866e+00   5.5896954e-01   1.4839891e+01   9.7565396e-01
   1.3783799e-04   1.0018866e+00   5.5896954e-01   1.4839891e+01   9.7565396e-01
   2.7567598e-04   1.0018866e+00   5.5896954e-01   1.4839891e+01   9.7565396e-01
   4.1351397e-04   1.0018866e+00   5.5896954e-01   1.4839891e+01   9.7565396e-01
   1.0394868e-03   1.0018866e+00   5.5896954e-01   1.4839891e+01   9.7565396e-01
   1.6654596e-03   1.0018866e+00   5.5896954e-01   1.4839891e+01   9.7565397e-01
   2.2914324e-03   1.0018866e+00   5.5896954e-01   1.4839891e+01   9.7565397e-01
   2.9174052e-03   1.0018866e+00   5.5896954e-01   1.4839891e+01   9.7565397e-01
   4.7625102e-03   1.0018866e+00   5.5896954e-01   1.4839891e+01   9.7565398e-01
   6.6076152e-03   1.0018866e+00   5.5896954e-01   1.4839891e+01   9.7565398e-01
   8.1125544e-03   1.0018866e+00   5.5896954e-01   1.4839891e+01   9.7565399e-01
   9.6174937e-03   1.0018866e+00   5.5896954e-01   1.4839891e+01   9.7565400e-01
   1.1122433e-02   1.0018866e+00   5.5896954e-01   1.4839891e+01   9.7565400e-01
   1.2627372e-02   1.0018866e+00   5.5896954e-01   1.4839891e+01   9.7565400e-01
   1.5877330e-02   1.0018866e+00   5.5896954e-01   1.4839891e+01   9.7565402e-01
   1.9127287e-02   1.0018866e+00   5.5896954e-01   1.4839891e+01   9.7565402e-01
   2.2377244e-02   1.0018866e+00   5.5896954e-01   1.4839891e+01   9.7565403e-01
   2.5627202e-02   1.0018866e+00   5.5896954e-01   1.4839891e+01   9.7565404e-01
   2.8877159e-02   1.0018866e+00   5.5896954e-01   1.4839891e+01   9.7565405e-01
   3.4146348e-02   1.0018866e+00   5.5896954e-01   1.4839891e+01   9.7565406e-01
   3.9415536e-02   1.0018866e+00   5.5896954e-01   1.4839891e+01   9.7565407e-01
   4.4684725e-02   1.0018866e+00   5.5896954e-01   1.4839891e+01   9.7565408e-01
   4.9953913e-02   1.0018866e+00   5.5896954e-01   1.4839891e+01   9.7565409e-01
   5.5223101e-02   1.0018866e+00   5.5896954e-01   1.4839891e+01   9.7565410e-01
   6.0492290e-02   1.0018866e+00   5.5896954e-01   1.4839891e+01   9.7565411e-01
   6.8918013e-02   1.0018866e+00   5.5896954e-01   1.4839891e+01   9.7565412e-01
   7.7343737e-02   1.0018866e+00   5.5896954e-01   1.4839891e+01   9.7565413e-01
   8.5769460e-02   1.0018866e+00   5.5896954e-01   1.4839891e+01   9.7565414e-01
   9.4195183e-02   1.0018866e+00   5.5896954e-01   1.4839891e+01   9.7565415e-01
   1.0262091e-01   1.0018866e+00   5.5896954e-01   1.4839891e+01   9.7565415e-01
   1.1104663e-01   1.0018866e+00   5.5896954e-01   1.4839891e+01   9.7565416e-01
   1.1947235e-01   1.0018866e+00   5.5896954e-01   1.4839891e+01   9.7565416e-01
   1.3079958e-01   1.0018866e+00   5.5896954e-01   1.4839891e+01   9.7565417e-01
   1.4212680e-01   1.0018866e+00   5.5896954e-01   1.4839891e+01   9.7565417e-01
   1.5345402e-01   1.0018866e+00   5.5896954e-01   1.4839891e+01   9.7565418e-01
   1.6478124e-01   1.0018866e+00   5.5896954e-01   1.4839891e+01   9.7565418e-01
   1.7610847e-01   1.0018866e+00   5.5896954e-01   1.4839891e+01   9.7565418e-01
   1.8743569e-01   1.0018866e+00   5.5896954e-01   1.4839891e+01   9.7565419e-01
   1.9876291e-01   1.0018866e+00   5.5896954e-01   1.4839892e+01   9.7565419e-01
   2.1200384e-01   1.0018866e+00   5.5896954e-01   1.4839892e+01   9.7565419e-01
   2.2524477e-01   1.0018866e+00   5.5896954e-01   1.4839892e+01   9.7565419e-01
   2.3848570e-01   1.0018866e+00   5.5896954e-01   1.4839892e+01   9.7565419e-01
   2.5172663e-01   1.0018866e+00   5.5896954e-01   1.4839892e+01   9.7565419e-01
   2.6496757e-01   1.0018866e+00   5.5896954e-01   1.4839892e+01   9.7565420e-01
   2.7820850e-01   1.0018866e+00   5.5896954e-01   1.4839892e+01   9.7565420e-01
   2.9144943e-01   1.0018866e+00   5.5896954e-01   1.4839892e+01   9.7565420e-01
   3.0843853e-01   1.0018866e+00   5.5896954e-01   1.4839892e+01   9.7565420e-01
   3.2542764e-01   1.0018866e+00   5.5896954e-01   1.4839892e+01   9.7565420e-01
   3.4241674e-01   1.0018866e+00   5.5896954e-01   1.4839892e+01   9.7565420e-01
   3.5940585e-01   1.0018866e+00   5.5896954e-01   1.4839892e+01   9.7565420e-01
   3.7639495e-01   1.0018866e+00   5.5896954e-01   1.4839892e+01   9.7565420e-01
   3.9338406e-01   1.0018866e+00   5.5896954e-01   1.4839892e+01   9.7565420e-01
   4.1037316e-01   1.0018866e+00   5.5896954e-01   1.4839892e+01   9.7565420e-01
   4.3333740e-01   1.0018866e+00   5.5896954e-01   1.4839892e+01   9.7565420e-01
   4.5630164e-01   1.0018866e+00   5.5896954e-01   1.4839892e+01   9.7565421e-01
   4.7926588e-01   1.0018866e+00   5.5896954e-01   1.4839892e+01   9.7565421e-01
   5.0223012e-01   1.0018866e+00   5.5896954e-01   1.4839892e+01   9.7565421e-01
   5.2519435e-01   1.0018866e+00   5.5896954e-01   1.4839892e+01   9.7565421e-01
   5.4815859e-01   1.0018866e+00   5.5896954e-01   1.4839892e+01   9.7565421e-01
   5.7112283e-01   1.0018866e+00   5.5896954e-01   1.4839892e+01   9.7565421e-01
   6.0489629e-01   1.0018866e+00   5.5896954e-01   1.4839893e+01   9.7565421e-01
   6.3866976e-01   1.0018866e+00   5.5896954e-01   1.4839893e+01   9.7565421e-01
   6.7244322e-01   1.0018866e+00   5.5896954e-01   1.4839893e+01   9.7565421e-01
   7.0621668e-01   1.0018866e+00   5.5896954e-01   1.4839893e+01   9.7565422e-01
   7.3999014e-01   1.0018866e+00   5.5896954e-01   1.4839893e+01   9.7565422e-01
   7.7376361e-01   1.0018866e+00   5.5896954e-01   1.4839893e+01   9.7565422e-01
   8.0753707e-01   1.0018866e+00   5.5896954e-01   1.4839893e+01   9.7565422e-01
   8.7653032e-01   1.0018866e+00   5.5896954e-01   1.4839893e+01   9.7565422e-01
   9.4552357e-01   1.0018866e+00   5.5896954e-01   1.4839893e+01   9.7565422e-01
   1.0145168e+00   1.0018866e+00   5.5896954e-01   1.4839894e+01   9.7565423e-01
   1.0835101e+00   1.0018866e+00   5.5896954e-01   1.4839894e+01   9.7565423e-01
   1.1525033e+00   1.0018866e+00   5.5896954e-01   1.4839894e+01   9.7565423e-01
   1.2214966e+00   1.0018866e+00   5.5896954e-01   1.4839894e+01   9.7565424e-01
   1.4331972e+00   1.0018866e+00   5.5896954e-01   1.4839895e+01   9.7565424e-01
   1.6448978e+00   1.0018866e+00   5.5896954e-01   1.4839895e+01   9.7565425e-01
   1.8565983e+00   1.0018866e+00   5.5896953e-01   1.4839896e+01   9.7565426e-01
   2.0682989e+00   1.0018866e+00   5.5896953e-01   1.4839896e+01   9.7565427e-01
   2.2799995e+00   1.0018866e+00   5.5896953e-01   1.4839897e+01   9.7565428e-01
   3.5629347e+00   1.0018866e+00   5.5896953e-01   1.4839900e+01   9.7565433e-01
   4.8458698e+00   1.0018866e+00   5.5896953e-01   1.4839904e+01   9.7565438e-01
   6.1288049e+00   1.0018866e+00   5.5896952e-01   1.4839907e+01   9.7565443e-01
   7.4117400e+00   1.0018866e+00   5.5896952e-01   1.4839910e+01   9.7565448e-01
   1.0663606e+01   1.0018866e+00   5.5896951e-01   1.4839919e+01   9.7565460e-01
   1.3915471e+01   1.0018866e+00   5.5896950e-01   1.4839927e+01   9.7565473e-01
   1.7167337e+01   1.0018866e+00   5.5896949e-01   1.4839936e+01   9.7565486e-01
   2.0419202e+01   1.0018866e+00   5.5896948e-01   1.4839944e+01   9.7565498e-01
   2.3671068e+01   1.0018867e+00   5.5896948e-01   1.4839953e+01   9.7565511e-01
   2.9424488e+01   1.0018867e+00   5.5896946e-01   1.4839967e+01   9.7565534e-01
   3.5177909e+01   1.0018867e+00   5.5896944e-01   1.4839982e+01   9.7565557e-01
   4.0931329e+01   1.0018867e+00   5.5896943e-01   1.4839997e+01   9.7565579e-01
   4.6684749e+01   1.0018867e+00   5.5896941e-01   1.4840012e+01   9.7565602e-01
   5.2438170e+01   1.0018867e+00   5.5896940e-01   1.4840027e+01   9.7565625e-01
   5.8191590e+01   1.0018867e+00   5.5896938e-01   1.4840042e+01   9.7565648e-01
   6.6708027e+01   1.0018867e+00   5.5896936e-01   1.4840064e+01   9.7565682e-01
   7.5224464e+01   1.0018868e+00   5.5896933e-01   1.4840086e+01   9.7565717e-01
   8.3740900e+01   1.0018868e+00   5.5896931e-01   1.4840107e+01   9.7565751e-01
   9.2257337e+01   1.0018868e+00   5.5896929e-01   1.4840129e+01   9.7565785e-01
   1.0077377e+02   1.0018868e+00   5.5896926e-01   1.4840151e+01   9.7565820e-01
   1.0929021e+02   1.0018868e+00   5.5896924e-01   1.4840173e+01   9.7565854e-01
   1.1912144e+02   1.0018869e+00   5.5896921e-01   1.4840198e+01   9.7565894e-01
   1.2895268e+02   1.0018869e+00   5.5896919e-01   1.4840223e+01   9.7565934e-01
   1.3878391e+02   1.0018869e+00   5.5896916e-01   1.4840248e+01   9.7565973e-01
   1.4861515e+02   1.0018869e+00   5.5896913e-01   1.4840273e+01   9.7566013e-01
   1.5844638e+02   1.0018870e+00   5.5896911e-01   1.4840298e+01   9.7566053e-01
   1.6827761e+02   1.0018870e+00   5.5896908e-01   1.4840323e+01   9.7566093e-01
   1.7810885e+02   1.0018870e+00   5.5896905e-01   1.4840348e+01   9.7566133e-01
   1.9213111e+02   1.0018870e+00   5.5896902e-01   1.4840383e+01   9.7566190e-01
   2.0615338e+02   1.0018871e+00   5.5896898e-01   1.4840419e+01   9.7566246e-01
   2.2017564e+02   1.0018871e+00   5.5896894e-01   1.4840454e+01   9.7566303e-01
   2.3419791e+02   1.0018871e+00   5.5896890e-01   1.4840490e+01   9.7566360e-01
   2.4822017e+02   1.0018872e+00   5.5896886e-01   1.4840525e+01   9.7566417e-01
   2.6224244e+02   1.0018872e+00   5.5896883e-01   1.4840561e+01   9.7566474e-01
   2.7626471e+02   1.0018872e+00   5.5896879e-01   1.4840596e+01   9.7566530e-01
   2.9310839e+02   1.0018873e+00   5.5896874e-01   1.4840638e+01   9.7566598e-01
   3.0995208e+02   1.0018873e+00   5.5896870e-01   1.4840681e+01   9.7566666e-01
   3.2679577e+02   1.0018873e+00   5.5896865e-01   1.4840723e+01   9.7566734e-01
   3.4363945e+02   1.0018874e+00   5.5896861e-01   1.4840765e+01   9.7566802e-01
   3.6048314e+02   1.0018874e+00   5.5896856e-01   1.4840807e+01   9.7566870e-01
   3.7732683e+02   1.0018874e+00   5.5896852e-01   1.4840849e+01   9.7566937e-01
   3.9417052e+02   1.0018875e+00   5.5896847e-01   1.4840891e+01   9.7567005e-01
   4.1680085e+02   1.0018875e+00   5.5896841e-01   1.4840948e+01   9.7567095e-01
   4.3943118e+02   1.0018876e+00   5.5896835e-01   1.4841004e+01   9.7567186e-01
   4.6206151e+02   1.0018876e+00   5.5896829e-01   1.4841060e+01   9.7567276e-01
   4.8469184e+02   1.0018877e+00   5.5896823e-01   1.4841117e+01   9.7567366e-01
   5.0732218e+02   1.0018877e+00   5.5896817e-01   1.4841173e+01   9.7567457e-01
   5.2995251e+02   1.0018878e+00   5.5896811e-01   1.4841229e+01   9.7567547e-01
   5.5258284e+02   1.0018878e+00   5.5896805e-01   1.4841285e+01   9.7567636e-01
   5.8483513e+02   1.0018879e+00   5.5896797e-01   1.4841364e+01   9.7567764e-01
   6.1708741e+02   1.0018880e+00   5.5896788e-01   1.4841443e+01   9.7567891e-01
   6.4933970e+02   1.0018880e+00   5.5896780e-01   1.4841522e+01   9.7568019e-01
   6.8159199e+02   1.0018881e+00   5.5896771e-01   1.4841601e+01   9.7568146e-01
   7.1384428e+02   1.0018882e+00   5.5896763e-01   1.4841680e+01   9.7568272e-01
   7.4609656e+02   1.0018882e+00   5.5896754e-01   1.4841759e+01   9.7568398e-01
   7.7834885e+02   1.0018883e+00   5.5896746e-01   1.4841837e+01   9.7568524e-01
   8.3451891e+02   1.0018884e+00   5.5896731e-01   1.4841973e+01   9.7568743e-01
   8.9068897e+02   1.0018885e+00   5.5896717e-01   1.4842109e+01   9.7568961e-01
   9.4685904e+02   1.0018887e+00   5.5896702e-01   1.4842244e+01   9.7569178e-01
   1.0030291e+03   1.0018888e+00   5.5896688e-01   1.4842379e+01   9.7569394e-01
   1.0591992e+03   1.0018889e+00   5.5896674e-01   1.4842513e+01   9.7569610e-01
   1.1153692e+03   1.0018890e+00   5.5896659e-01   1.4842646e+01   9.7569824e-01
   1.2587043e+03   1.0018893e+00   5.5896623e-01   1.4842984e+01   9.7570368e-01
   1.4020395e+03   1.0018896e+00   5.5896587e-01   1.4843319e+01   9.7570906e-01
   1.5453746e+03   1.0018899e+00   5.5896552e-01   1.4843651e+01   9.7571438e-01
   1.6887097e+03   1.0018902e+00   5.5896516e-01   1.4843979e+01   9.7571965e-01
   1.8320449e+03   1.0018905e+00   5.5896482e-01   1.4844304e+01   9.7572487e-01
   1.9753800e+03   1.0018907e+00   5.5896447e-01   1.4844626e+01   9.7573004e-01
   2.2167719e+03   1.0018912e+00   5.5896390e-01   1.4845160e+01   9.7573862e-01
   2.4581639e+03   1.0018917e+00   5.5896334e-01   1.4845685e+01   9.7574706e-01
   2.6995559e+03   1.0018921e+00   5.5896278e-01   1.4846202e+01   9.7575536e-01
   2.9409478e+03   1.0018926e+00   5.5896224e-01   1.4846710e+01   9.7576352e-01
   3.1823398e+03   1.0018930e+00   5.5896171e-01   1.4847209e+01   9.7577154e-01
   3.4237317e+03   1.0018934e+00   5.5896118e-01   1.4847700e+01   9.7577942e-01
   3.7341170e+03   1.0018940e+00   5.5896052e-01   1.4848319e+01   9.7578936e-01
   4.0445023e+03   1.0018945e+00   5.5895987e-01   1.4848925e+01   9.7579909e-01
   4.3548875e+03   1.0018950e+00   5.5895923e-01   1.4849517e+01   9.7580861e-01
   4.6652728e+03   1.0018955e+00   5.5895861e-01   1.4850097e+01   9.7581792e-01
   4.9756581e+03   1.0018960e+00   5.5895800e-01   1.4850665e+01   9.7582703e-01
   5.2860433e+03   1.0018965e+00   5.5895741e-01   1.4851220e+01   9.7583594e-01
   5.5964286e+03   1.0018970e+00   5.5895683e-01   1.4851763e+01   9.7584466e-01
   6.1018465e+03   1.0018977e+00   5.5895591e-01   1.4852622e+01   9.7585845e-01
   6.6072643e+03   1.0018985e+00   5.5895502e-01   1.4853451e+01   9.7587177e-01
   7.1126822e+03   1.0018992e+00   5.5895416e-01   1.4854251e+01   9.7588462e-01
   7.6181001e+03   1.0018998e+00   5.5895334e-01   1.4855024e+01   9.7589701e-01
   8.1235180e+03   1.0019005e+00   5.5895254e-01   1.4855769e+01   9.7590898e-01
   8.6289359e+03   1.0019011e+00   5.5895177e-01   1.4856488e+01   9.7592052e-01
   9.1343537e+03   1.0019017e+00   5.5895103e-01   1.4857183e+01   9.7593167e-01
   9.6397716e+03   1.0019023e+00   5.5895031e-01   1.4857853e+01   9.7594242e-01
   1.0145190e+04   1.0019029e+00   5.5894962e-01   1.4858499e+01   9.7595280e-01
   1.0650607e+04   1.0019034e+00   5.5894895e-01   1.4859123e+01   9.7596281e-01
   1.1156025e+04   1.0019040e+00   5.5894830e-01   1.4859725e+01   9.7597247e-01
   1.1661443e+04   1.0019045e+00   5.5894768e-01   1.4860306e+01   9.7598180e-01
   1.2166861e+04   1.0019050e+00   5.5894708e-01   1.4860867e+01   9.7599080e-01
   1.2672279e+04   1.0019054e+00   5.5894650e-01   1.4861408e+01   9.7599949e-01
   1.3177697e+04   1.0019059e+00   5.5894594e-01   1.4861931e+01   9.7600787e-01
   1.3683115e+04   1.0019063e+00   5.5894540e-01   1.4862435e+01   9.7601596e-01
   1.4188533e+04   1.0019068e+00   5.5894488e-01   1.4862921e+01   9.7602376e-01
   1.4693950e+04   1.0019072e+00   5.5894438e-01   1.4863391e+01   9.7603130e-01
   1.5200090e+04   1.0019076e+00   5.5894389e-01   1.4863845e+01   9.7603858e-01
   1.5706229e+04   1.0019079e+00   5.5894342e-01   1.4864283e+01   9.7604560e-01
   1.6212368e+04   1.0019083e+00   5.5894297e-01   1.4864705e+01   9.7605238e-01
   1.6718507e+04   1.0019087e+00   5.5894254e-01   1.4865113e+01   9.7605892e-01
   1.7224647e+04   1.0019090e+00   5.5894211e-01   1.4865507e+01   9.7606523e-01
   1.7730786e+04   1.0019094e+00   5.5894171e-01   1.4865886e+01   9.7607133e-01
   1.8236925e+04   1.0019097e+00   5.5894132e-01   1.4866253e+01   9.7607721e-01
   1.8768645e+04   1.0019100e+00   5.5894092e-01   1.4866624e+01   9.7608316e-01
   1.9300365e+04   1.0019103e+00   5.5894053e-01   1.4866982e+01   9.7608890e-01
   1.9832085e+04   1.0019106e+00   5.5894017e-01   1.4867326e+01   9.7609442e-01
   2.0363805e+04   1.0019109e+00   5.5893981e-01   1.4867658e+01   9.7609974e-01
   2.0895524e+04   1.0019112e+00   5.5893947e-01   1.4867978e+01   9.7610487e-01
   2.1427244e+04   1.0019115e+00   5.5893914e-01   1.4868285e+01   9.7610981e-01
   2.1958964e+04   1.0019117e+00   5.5893882e-01   1.4868582e+01   9.7611457e-01
   2.2510338e+04   1.0019120e+00   5.5893850e-01   1.4868878e+01   9.7611932e-01
   2.3061712e+04   1.0019122e+00   5.5893820e-01   1.4869163e+01   9.7612388e-01
   2.3613086e+04   1.0019125e+00   5.5893791e-01   1.4869437e+01   9.7612828e-01
   2.4164461e+04   1.0019127e+00   5.5893762e-01   1.4869701e+01   9.7613251e-01
   2.4715835e+04   1.0019129e+00   5.5893735e-01   1.4869954e+01   9.7613657e-01
   2.5267209e+04   1.0019131e+00   5.5893709e-01   1.4870198e+01   9.7614048e-01
   2.5818583e+04   1.0019133e+00   5.5893684e-01   1.4870433e+01   9.7614425e-01
   2.6391383e+04   1.0019135e+00   5.5893659e-01   1.4870667e+01   9.7614800e-01
   2.6964182e+04   1.0019137e+00   5.5893635e-01   1.4870892e+01   9.7615161e-01
   2.7536982e+04   1.0019139e+00   5.5893612e-01   1.4871108e+01   9.7615508e-01
   2.8109782e+04   1.0019141e+00   5.5893590e-01   1.4871316e+01   9.7615841e-01
   2.8682581e+04   1.0019143e+00   5.5893568e-01   1.4871515e+01   9.7616161e-01
   2.9255381e+04   1.0019144e+00   5.5893548e-01   1.4871707e+01   9.7616468e-01
   2.9828181e+04   1.0019146e+00   5.5893528e-01   1.4871891e+01   9.7616763e-01
   3.0428118e+04   1.0019148e+00   5.5893508e-01   1.4872076e+01   9.7617060e-01
   3.1028055e+04   1.0019149e+00   5.5893489e-01   1.4872253e+01   9.7617344e-01
   3.1627992e+04   1.0019151e+00   5.5893471e-01   1.4872423e+01   9.7617616e-01
   3.2227928e+04   1.0019152e+00   5.5893454e-01   1.4872586e+01   9.7617878e-01
   3.2827865e+04   1.0019154e+00   5.5893437e-01   1.4872742e+01   9.7618128e-01
   3.3427802e+04   1.0019155e+00   5.5893421e-01   1.4872892e+01   9.7618368e-01
   3.4027739e+04   1.0019156e+00   5.5893405e-01   1.4873036e+01   9.7618599e-01
   3.4665013e+04   1.0019157e+00   5.5893390e-01   1.4873182e+01   9.7618833e-01
   3.5302287e+04   1.0019159e+00   5.5893375e-01   1.4873321e+01   9.7619057e-01
   3.5939560e+04   1.0019160e+00   5.5893361e-01   1.4873455e+01   9.7619271e-01
   3.6576834e+04   1.0019161e+00   5.5893347e-01   1.4873582e+01   9.7619475e-01
   3.7214107e+04   1.0019162e+00   5.5893334e-01   1.4873705e+01   9.7619671e-01
   3.7851381e+04   1.0019163e+00   5.5893321e-01   1.4873821e+01   9.7619858e-01
   3.8488654e+04   1.0019164e+00   5.5893309e-01   1.4873933e+01   9.7620037e-01
   3.9161798e+04   1.0019165e+00   5.5893297e-01   1.4874045e+01   9.7620218e-01
   3.9834943e+04   1.0019166e+00   5.5893286e-01   1.4874153e+01   9.7620390e-01
   4.0508087e+04   1.0019167e+00   5.5893275e-01   1.4874255e+01   9.7620554e-01
   4.1181232e+04   1.0019168e+00   5.5893265e-01   1.4874353e+01   9.7620711e-01
   4.1854376e+04   1.0019168e+00   5.5893255e-01   1.4874446e+01   9.7620860e-01
   4.2527520e+04   1.0019169e+00   5.5893245e-01   1.4874535e+01   9.7621002e-01
   4.3200665e+04   1.0019170e+00   5.5893236e-01   1.4874620e+01   9.7621138e-01
   4.3906767e+04   1.0019171e+00   5.5893227e-01   1.4874704e+01   9.7621274e-01
   4.4612869e+04   1.0019171e+00   5.5893218e-01   1.4874785e+01   9.7621403e-01
   4.5318971e+04   1.0019172e+00   5.5893210e-01   1.4874862e+01   9.7621526e-01
   4.6025073e+04   1.0019173e+00   5.5893202e-01   1.4874935e+01   9.7621643e-01
   4.6731176e+04   1.0019173e+00   5.5893195e-01   1.4875004e+01   9.7621755e-01
   4.7437278e+04   1.0019174e+00   5.5893188e-01   1.4875070e+01   9.7621861e-01
   4.8143380e+04   1.0019174e+00   5.5893181e-01   1.4875133e+01   9.7621961e-01
   4.8882019e+04   1.0019175e+00   5.5893174e-01   1.4875195e+01   9.7622062e-01
   4.9620659e+04   1.0019175e+00   5.5893168e-01   1.4875255e+01   9.7622157e-01
   5.0000000e+04   1.0019176e+00   5.5893165e-01   1.4875284e+01   9.7622204e-01
