   0.0000000e+00   1.0008391e+00   5.6025228e-01   1.3939981e+01   9.7489094e-01
   1.3229500e-06   1.0008391e+00   5.6025228e-01   1.3939981e+01   9.7489102e-01
   2.6458999e-06   1.0008391e+00   5.6025228e-01   1.3939981e+01   9.7489110e-01
   3.9688499e-06   1.0008391e+00   5.6025228e-01   1.3939980e+01   9.7489117e-01
   9.7427081e-06   1.0008391e+00   5.6025228e-01   1.3939980e+01   9.7489151e-01
   1.5516566e-05   1.0008391e+00   5.6025228e-01   1.3939979e+01   9.7489185e-01
   2.1290424e-05   1.0008391e+00   5.6025228e-01   1.3939978e+01   9.7489219e-01
   2.7064283e-05   1.0008391e+00   5.6025228e-01   1.3939977e+01   9.7489253e-01
   4.4287077e-05   1.0008391e+00   5.6025228e-01   1.3939975e+01   9.7489354e-01
   6.1509871e-05   1.0008391e+00   5.6025228e-01   1.3939972e+01   9.7489455e-01
   7.8732665e-05   1.0008391e+00   5.6025228e-01   1.3939970e+01   9.7489556e-01
   9.5955459e-05   1.0008391e+00   5.6025228e-01   1.3939967e+01   9.7489657e-01
   1.6542776e-04   1.0008391e+00   5.6025228e-01   1.3939957e+01   9.7490065e-01
   2.3490007e-04   1.0008391e+00   5.6025228e-01   1.3939947e+01   9.7490472e-01
   3.0437237e-04   1.0008391e+00   5.6025228e-01   1.3939937e+01   9.7490879e-01
   3.7384468e-04   1.0008391e+00   5.6025228e-01   1.3939927e+01   9.7491285e-01
   4.4331698e-04   1.0008391e+00   5.6025228e-01   1.3939917e+01   9.7491692e-01
   8.0888187e-04   1.0008391e+00   5.6025228e-01   1.3939865e+01   9.7493823e-01
   1.1744467e-03   1.0008391e+00   5.6025228e-01   1.3939813e+01   9.7495944e-01
   1.5400116e-03   1.0008391e+00   5.6025228e-01   1.3939760e+01   9.7498056e-01
   1.9055765e-03   1.0008391e+00   5.6025228e-01   1.3939708e+01   9.7500159e-01
   2.2711414e-03   1.0008391e+00   5.6025228e-01   1.3939656e+01   9.7502252e-01
   3.0899092e-03   1.0008391e+00   5.6025228e-01   1.3939538e+01   9.7506905e-01
   3.9086770e-03   1.0008391e+00   5.6025228e-01   1.3939421e+01   9.7511511e-01
   4.7274448e-03   1.0008391e+00   5.6025228e-01   1.3939304e+01   9.7516071e-01
   5.5462126e-03   1.0008391e+00   5.6025228e-01   1.3939187e+01   9.7520586e-01
   6.3649804e-03   1.0008391e+00   5.6025228e-01   1.3939069e+01   9.7525055e-01
   7.1837482e-03   1.0008391e+00   5.6025228e-01   1.3938952e+01   9.7529479e-01
   8.4034772e-03   1.0008391e+00   5.6025228e-01   1.3938777e+01   9.7535989e-01
   9.6232062e-03   1.0008391e+00   5.6025228e-01   1.3938603e+01   9.7542402e-01
   1.0842935e-02   1.0008391e+00   5.6025228e-01   1.3938428e+01   9.7548720e-01
   1.2062664e-02   1.0008391e+00   5.6025228e-01   1.3938254e+01   9.7554946e-01
   1.3282393e-02   1.0008391e+00   5.6025228e-01   1.3938079e+01   9.7561080e-01
   1.4502122e-02   1.0008391e+00   5.6025228e-01   1.3937904e+01   9.7567125e-01
   1.5721851e-02   1.0008391e+00   5.6025228e-01   1.3937730e+01   9.7573081e-01
   1.9032952e-02   1.0008391e+00   5.6025228e-01   1.3937256e+01   9.7588819e-01
   2.1404203e-02   1.0008391e+00   5.6025228e-01   1.3936917e+01   9.7599714e-01
   2.3775455e-02   1.0008391e+00   5.6025228e-01   1.3936578e+01   9.7610308e-01
   2.6146706e-02   1.0008391e+00   5.6025228e-01   1.3936239e+01   9.7620612e-01
   2.8517957e-02   1.0008391e+00   5.6025228e-01   1.3935900e+01   9.7630634e-01
   3.0889208e-02   1.0008391e+00   5.6025228e-01   1.3935561e+01   9.7640385e-01
   3.3260459e-02   1.0008391e+00   5.6025228e-01   1.3935222e+01   9.7649874e-01
   3.5631710e-02   1.0008391e+00   5.6025228e-01   1.3934883e+01   9.7659109e-01
   3.8002961e-02   1.0008391e+00   5.6025228e-01   1.3934544e+01   9.7668100e-01
   4.0374212e-02   1.0008391e+00   5.6025228e-01   1.3934205e+01   9.7676855e-01
   4.2745464e-02   1.0008391e+00   5.6025228e-01   1.3933866e+01   9.7685381e-01
   4.5116715e-02   1.0008391e+00   5.6025228e-01   1.3933528e+01   9.7693687e-01
   4.7487966e-02   1.0008391e+00   5.6025228e-01   1.3933189e+01   9.7701779e-01
   4.9859217e-02   1.0008391e+00   5.6025227e-01   1.3932850e+01   9.7709666e-01
   5.2230468e-02   1.0008391e+00   5.6025227e-01   1.3932512e+01   9.7717355e-01
   5.4601719e-02   1.0008391e+00   5.6025227e-01   1.3932173e+01   9.7724851e-01
   5.6972970e-02   1.0008391e+00   5.6025227e-01   1.3931835e+01   9.7732162e-01
   5.9344221e-02   1.0008391e+00   5.6025227e-01   1.3931496e+01   9.7739294e-01
   6.1715473e-02   1.0008391e+00   5.6025227e-01   1.3931158e+01   9.7746253e-01
   6.4086724e-02   1.0008391e+00   5.6025227e-01   1.3930819e+01   9.7753045e-01
   6.6457975e-02   1.0008391e+00   5.6025227e-01   1.3930481e+01   9.7759675e-01
   6.8829226e-02   1.0008391e+00   5.6025227e-01   1.3930143e+01   9.7766150e-01
   7.1200477e-02   1.0008391e+00   5.6025227e-01   1.3929804e+01   9.7772474e-01
   7.3571728e-02   1.0008391e+00   5.6025227e-01   1.3929466e+01   9.7778653e-01
   7.5942979e-02   1.0008391e+00   5.6025227e-01   1.3929128e+01   9.7784691e-01
   7.8314230e-02   1.0008391e+00   5.6025227e-01   1.3928790e+01   9.7790594e-01
   8.0685482e-02   1.0008391e+00   5.6025227e-01   1.3928452e+01   9.7796366e-01
   8.3066826e-02   1.0008391e+00   5.6025227e-01   1.3928112e+01   9.7802035e-01
   8.5448170e-02   1.0008391e+00   5.6025227e-01   1.3927772e+01   9.7807580e-01
   8.7829514e-02   1.0008391e+00   5.6025227e-01   1.3927433e+01   9.7813007e-01
   9.0210858e-02   1.0008391e+00   5.6025227e-01   1.3927094e+01   9.7818319e-01
   9.2592202e-02   1.0008391e+00   5.6025227e-01   1.3926754e+01   9.7823519e-01
   9.4973546e-02   1.0008391e+00   5.6025227e-01   1.3926415e+01   9.7828613e-01
   9.7354890e-02   1.0008391e+00   5.6025227e-01   1.3926075e+01   9.7833603e-01
   9.9829310e-02   1.0008391e+00   5.6025227e-01   1.3925723e+01   9.7838682e-01
   1.0230373e-01   1.0008391e+00   5.6025227e-01   1.3925370e+01   9.7843657e-01
   1.0477815e-01   1.0008391e+00   5.6025227e-01   1.3925017e+01   9.7848532e-01
   1.0725257e-01   1.0008391e+00   5.6025227e-01   1.3924665e+01   9.7853310e-01
   1.0972699e-01   1.0008391e+00   5.6025227e-01   1.3924312e+01   9.7857995e-01
   1.1220141e-01   1.0008391e+00   5.6025227e-01   1.3923960e+01   9.7862589e-01
   1.1467583e-01   1.0008391e+00   5.6025227e-01   1.3923607e+01   9.7867097e-01
   1.1724977e-01   1.0008391e+00   5.6025227e-01   1.3923241e+01   9.7871697e-01
   1.1982371e-01   1.0008391e+00   5.6025227e-01   1.3922874e+01   9.7876211e-01
   1.2239765e-01   1.0008391e+00   5.6025227e-01   1.3922508e+01   9.7880640e-01
   1.2497159e-01   1.0008391e+00   5.6025227e-01   1.3922141e+01   9.7884988e-01
   1.2754553e-01   1.0008391e+00   5.6025227e-01   1.3921775e+01   9.7889258e-01
   1.3011947e-01   1.0008391e+00   5.6025227e-01   1.3921408e+01   9.7893453e-01
   1.3269341e-01   1.0008391e+00   5.6025227e-01   1.3921042e+01   9.7897577e-01
   1.3537743e-01   1.0008391e+00   5.6025227e-01   1.3920660e+01   9.7901802e-01
   1.3806146e-01   1.0008391e+00   5.6025227e-01   1.3920278e+01   9.7905955e-01
   1.4074549e-01   1.0008391e+00   5.6025227e-01   1.3919896e+01   9.7910037e-01
   1.4342951e-01   1.0008391e+00   5.6025227e-01   1.3919514e+01   9.7914053e-01
   1.4611354e-01   1.0008391e+00   5.6025227e-01   1.3919132e+01   9.7918004e-01
   1.4879756e-01   1.0008391e+00   5.6025227e-01   1.3918750e+01   9.7921893e-01
   1.5148159e-01   1.0008391e+00   5.6025227e-01   1.3918368e+01   9.7925722e-01
   1.5428625e-01   1.0008391e+00   5.6025227e-01   1.3917969e+01   9.7929662e-01
   1.5709091e-01   1.0008391e+00   5.6025226e-01   1.3917570e+01   9.7933542e-01
   1.5989558e-01   1.0008391e+00   5.6025226e-01   1.3917171e+01   9.7937364e-01
   1.6270024e-01   1.0008391e+00   5.6025226e-01   1.3916772e+01   9.7941130e-01
   1.6550490e-01   1.0008391e+00   5.6025226e-01   1.3916373e+01   9.7944844e-01
   1.6830956e-01   1.0008391e+00   5.6025226e-01   1.3915974e+01   9.7948506e-01
   1.7111422e-01   1.0008391e+00   5.6025226e-01   1.3915575e+01   9.7952120e-01
   1.7405172e-01   1.0008391e+00   5.6025226e-01   1.3915157e+01   9.7955854e-01
   1.7698921e-01   1.0008391e+00   5.6025226e-01   1.3914739e+01   9.7959539e-01
   1.7992670e-01   1.0008391e+00   5.6025226e-01   1.3914322e+01   9.7963176e-01
   1.8286420e-01   1.0008391e+00   5.6025226e-01   1.3913904e+01   9.7966769e-01
   1.8580169e-01   1.0008391e+00   5.6025226e-01   1.3913486e+01   9.7970318e-01
   1.8873918e-01   1.0008391e+00   5.6025226e-01   1.3913068e+01   9.7973825e-01
   1.9167668e-01   1.0008391e+00   5.6025226e-01   1.3912651e+01   9.7977292e-01
   1.9476063e-01   1.0008391e+00   5.6025226e-01   1.3912212e+01   9.7980892e-01
   1.9784459e-01   1.0008391e+00   5.6025226e-01   1.3911774e+01   9.7984451e-01
   2.0092855e-01   1.0008391e+00   5.6025226e-01   1.3911336e+01   9.7987971e-01
   2.0401251e-01   1.0008391e+00   5.6025226e-01   1.3910897e+01   9.7991456e-01
   2.0709646e-01   1.0008391e+00   5.6025226e-01   1.3910459e+01   9.7994904e-01
   2.1018042e-01   1.0008391e+00   5.6025226e-01   1.3910021e+01   9.7998320e-01
   2.1326438e-01   1.0008391e+00   5.6025226e-01   1.3909583e+01   9.8001703e-01
   2.1651104e-01   1.0008391e+00   5.6025226e-01   1.3909121e+01   9.8005232e-01
   2.1975770e-01   1.0008391e+00   5.6025226e-01   1.3908660e+01   9.8008728e-01
   2.2300436e-01   1.0008391e+00   5.6025226e-01   1.3908199e+01   9.8012194e-01
   2.2625101e-01   1.0008391e+00   5.6025226e-01   1.3907737e+01   9.8015630e-01
   2.2949767e-01   1.0008391e+00   5.6025226e-01   1.3907276e+01   9.8019038e-01
   2.3274433e-01   1.0008391e+00   5.6025226e-01   1.3906815e+01   9.8022419e-01
   2.3599099e-01   1.0008391e+00   5.6025226e-01   1.3906354e+01   9.8025774e-01
   2.3941707e-01   1.0008391e+00   5.6025226e-01   1.3905867e+01   9.8029289e-01
   2.4284314e-01   1.0008391e+00   5.6025226e-01   1.3905380e+01   9.8032778e-01
   2.4626922e-01   1.0008391e+00   5.6025226e-01   1.3904894e+01   9.8036242e-01
   2.4969530e-01   1.0008391e+00   5.6025226e-01   1.3904407e+01   9.8039683e-01
   2.5312137e-01   1.0008391e+00   5.6025226e-01   1.3903921e+01   9.8043102e-01
   2.5654745e-01   1.0008391e+00   5.6025226e-01   1.3903434e+01   9.8046500e-01
   2.5997353e-01   1.0008391e+00   5.6025226e-01   1.3902948e+01   9.8049877e-01
   2.6360181e-01   1.0008391e+00   5.6025226e-01   1.3902433e+01   9.8053433e-01
   2.6723009e-01   1.0008391e+00   5.6025226e-01   1.3901918e+01   9.8056969e-01
   2.7085838e-01   1.0008391e+00   5.6025226e-01   1.3901403e+01   9.8060485e-01
   2.7448666e-01   1.0008391e+00   5.6025225e-01   1.3900888e+01   9.8063983e-01
   2.7811494e-01   1.0008391e+00   5.6025225e-01   1.3900373e+01   9.8067464e-01
   2.8174322e-01   1.0008391e+00   5.6025225e-01   1.3899858e+01   9.8070929e-01
   2.8537151e-01   1.0008391e+00   5.6025225e-01   1.3899343e+01   9.8074377e-01
   2.8922562e-01   1.0008391e+00   5.6025225e-01   1.3898796e+01   9.8078024e-01
   2.9307973e-01   1.0008391e+00   5.6025225e-01   1.3898249e+01   9.8081656e-01
   2.9693384e-01   1.0008391e+00   5.6025225e-01   1.3897702e+01   9.8085272e-01
   3.0078796e-01   1.0008391e+00   5.6025225e-01   1.3897155e+01   9.8088875e-01
   3.0464207e-01   1.0008391e+00   5.6025225e-01   1.3896608e+01   9.8092463e-01
   3.0849618e-01   1.0008391e+00   5.6025225e-01   1.3896062e+01   9.8096040e-01
   3.1235029e-01   1.0008391e+00   5.6025225e-01   1.3895515e+01   9.8099604e-01
   3.1646003e-01   1.0008391e+00   5.6025225e-01   1.3894932e+01   9.8103392e-01
   3.2056978e-01   1.0008391e+00   5.6025225e-01   1.3894349e+01   9.8107168e-01
   3.2467952e-01   1.0008391e+00   5.6025225e-01   1.3893766e+01   9.8110933e-01
   3.2878926e-01   1.0008391e+00   5.6025225e-01   1.3893184e+01   9.8114687e-01
   3.3289901e-01   1.0008391e+00   5.6025225e-01   1.3892601e+01   9.8118431e-01
   3.3700875e-01   1.0008391e+00   5.6025225e-01   1.3892018e+01   9.8122165e-01
   3.4111849e-01   1.0008391e+00   5.6025225e-01   1.3891435e+01   9.8125890e-01
   3.4551895e-01   1.0008391e+00   5.6025225e-01   1.3890811e+01   9.8129870e-01
   3.4991941e-01   1.0008391e+00   5.6025225e-01   1.3890188e+01   9.8133840e-01
   3.5431987e-01   1.0008391e+00   5.6025225e-01   1.3889564e+01   9.8137801e-01
   3.5872033e-01   1.0008391e+00   5.6025225e-01   1.3888940e+01   9.8141755e-01
   3.6312079e-01   1.0008391e+00   5.6025225e-01   1.3888316e+01   9.8145701e-01
   3.6752125e-01   1.0008391e+00   5.6025225e-01   1.3887693e+01   9.8149639e-01
   3.7192171e-01   1.0008391e+00   5.6025225e-01   1.3887069e+01   9.8153571e-01
   3.7665660e-01   1.0008391e+00   5.6025225e-01   1.3886398e+01   9.8157795e-01
   3.8139149e-01   1.0008391e+00   5.6025225e-01   1.3885727e+01   9.8162012e-01
   3.8612639e-01   1.0008391e+00   5.6025225e-01   1.3885057e+01   9.8166223e-01
   3.9086128e-01   1.0008391e+00   5.6025225e-01   1.3884386e+01   9.8170427e-01
   3.9559618e-01   1.0008391e+00   5.6025225e-01   1.3883715e+01   9.8174626e-01
   4.0033107e-01   1.0008391e+00   5.6025224e-01   1.3883044e+01   9.8178820e-01
   4.0506596e-01   1.0008391e+00   5.6025224e-01   1.3882374e+01   9.8183009e-01
   4.1018787e-01   1.0008391e+00   5.6025224e-01   1.3881649e+01   9.8187535e-01
   4.1530977e-01   1.0008391e+00   5.6025224e-01   1.3880923e+01   9.8192056e-01
   4.2043167e-01   1.0008391e+00   5.6025224e-01   1.3880198e+01   9.8196572e-01
   4.2555358e-01   1.0008391e+00   5.6025224e-01   1.3879473e+01   9.8201084e-01
   4.3067548e-01   1.0008391e+00   5.6025224e-01   1.3878748e+01   9.8205592e-01
   4.3579739e-01   1.0008391e+00   5.6025224e-01   1.3878023e+01   9.8210096e-01
   4.4091929e-01   1.0008391e+00   5.6025224e-01   1.3877298e+01   9.8214596e-01
   4.4649496e-01   1.0008391e+00   5.6025224e-01   1.3876508e+01   9.8219492e-01
   4.5207064e-01   1.0008391e+00   5.6025224e-01   1.3875719e+01   9.8224383e-01
   4.5764632e-01   1.0008391e+00   5.6025224e-01   1.3874930e+01   9.8229272e-01
   4.6322199e-01   1.0008391e+00   5.6025224e-01   1.3874141e+01   9.8234157e-01
   4.6879767e-01   1.0008391e+00   5.6025224e-01   1.3873353e+01   9.8239039e-01
   4.7437334e-01   1.0008391e+00   5.6025224e-01   1.3872564e+01   9.8243918e-01
   4.7994902e-01   1.0008391e+00   5.6025224e-01   1.3871775e+01   9.8248795e-01
   4.8606187e-01   1.0008391e+00   5.6025224e-01   1.3870910e+01   9.8254139e-01
   4.9217471e-01   1.0008391e+00   5.6025224e-01   1.3870046e+01   9.8259480e-01
   4.9828756e-01   1.0008391e+00   5.6025224e-01   1.3869182e+01   9.8264818e-01
   5.0440041e-01   1.0008391e+00   5.6025224e-01   1.3868317e+01   9.8270154e-01
   5.1051326e-01   1.0008391e+00   5.6025224e-01   1.3867453e+01   9.8275488e-01
   5.1662610e-01   1.0008391e+00   5.6025224e-01   1.3866589e+01   9.8280820e-01
   5.2273895e-01   1.0008391e+00   5.6025224e-01   1.3865725e+01   9.8286150e-01
   5.2950119e-01   1.0008391e+00   5.6025224e-01   1.3864769e+01   9.8292044e-01
   5.3626342e-01   1.0008391e+00   5.6025224e-01   1.3863813e+01   9.8297936e-01
   5.4302565e-01   1.0008391e+00   5.6025223e-01   1.3862858e+01   9.8303826e-01
   5.4978789e-01   1.0008391e+00   5.6025223e-01   1.3861902e+01   9.8309714e-01
   5.5655012e-01   1.0008391e+00   5.6025223e-01   1.3860947e+01   9.8315601e-01
   5.6331236e-01   1.0008391e+00   5.6025223e-01   1.3859992e+01   9.8321486e-01
   5.7007459e-01   1.0008391e+00   5.6025223e-01   1.3859036e+01   9.8327369e-01
   5.7762744e-01   1.0008391e+00   5.6025223e-01   1.3857970e+01   9.8333939e-01
   5.8518029e-01   1.0008391e+00   5.6025223e-01   1.3856903e+01   9.8340507e-01
   5.9273313e-01   1.0008391e+00   5.6025223e-01   1.3855837e+01   9.8347073e-01
   6.0028598e-01   1.0008391e+00   5.6025223e-01   1.3854770e+01   9.8353638e-01
   6.0783883e-01   1.0008391e+00   5.6025223e-01   1.3853704e+01   9.8360201e-01
   6.1539168e-01   1.0008391e+00   5.6025223e-01   1.3852638e+01   9.8366763e-01
   6.2294452e-01   1.0008391e+00   5.6025223e-01   1.3851572e+01   9.8373323e-01
   6.3149225e-01   1.0008391e+00   5.6025223e-01   1.3850366e+01   9.8380747e-01
   6.4003998e-01   1.0008391e+00   5.6025223e-01   1.3849160e+01   9.8388168e-01
   6.4858771e-01   1.0008391e+00   5.6025223e-01   1.3847954e+01   9.8395588e-01
   6.5713543e-01   1.0008391e+00   5.6025223e-01   1.3846749e+01   9.8403007e-01
   6.6568316e-01   1.0008391e+00   5.6025223e-01   1.3845543e+01   9.8410424e-01
   6.7423089e-01   1.0008391e+00   5.6025223e-01   1.3844338e+01   9.8417840e-01
   6.8277862e-01   1.0008391e+00   5.6025223e-01   1.3843133e+01   9.8425255e-01
   6.9259750e-01   1.0008391e+00   5.6025222e-01   1.3841749e+01   9.8433770e-01
   7.0241639e-01   1.0008391e+00   5.6025222e-01   1.3840365e+01   9.8442284e-01
   7.1223528e-01   1.0008391e+00   5.6025222e-01   1.3838981e+01   9.8450796e-01
   7.2205416e-01   1.0008391e+00   5.6025222e-01   1.3837598e+01   9.8459307e-01
   7.3187305e-01   1.0008391e+00   5.6025222e-01   1.3836215e+01   9.8467816e-01
   7.4169194e-01   1.0008391e+00   5.6025222e-01   1.3834832e+01   9.8476324e-01
   7.5151082e-01   1.0008391e+00   5.6025222e-01   1.3833449e+01   9.8484830e-01
   7.6301214e-01   1.0008391e+00   5.6025222e-01   1.3831829e+01   9.8494791e-01
   7.7451346e-01   1.0008391e+00   5.6025222e-01   1.3830210e+01   9.8504751e-01
   7.8601478e-01   1.0008391e+00   5.6025222e-01   1.3828592e+01   9.8514708e-01
   7.9751610e-01   1.0008392e+00   5.6025222e-01   1.3826973e+01   9.8524663e-01
   8.0901741e-01   1.0008392e+00   5.6025222e-01   1.3825355e+01   9.8534617e-01
   8.2051873e-01   1.0008392e+00   5.6025222e-01   1.3823737e+01   9.8544568e-01
   8.3202005e-01   1.0008392e+00   5.6025222e-01   1.3822119e+01   9.8554518e-01
   8.4582430e-01   1.0008392e+00   5.6025222e-01   1.3820178e+01   9.8566457e-01
   8.5962854e-01   1.0008392e+00   5.6025221e-01   1.3818238e+01   9.8578393e-01
   8.7343279e-01   1.0008392e+00   5.6025221e-01   1.3816297e+01   9.8590326e-01
   8.8723703e-01   1.0008392e+00   5.6025221e-01   1.3814358e+01   9.8602257e-01
   9.0104128e-01   1.0008392e+00   5.6025221e-01   1.3812418e+01   9.8614184e-01
   9.1484553e-01   1.0008392e+00   5.6025221e-01   1.3810480e+01   9.8626109e-01
   9.2864977e-01   1.0008392e+00   5.6025221e-01   1.3808541e+01   9.8638031e-01
   9.4580117e-01   1.0008392e+00   5.6025221e-01   1.3806133e+01   9.8652840e-01
   9.6295256e-01   1.0008392e+00   5.6025221e-01   1.3803726e+01   9.8667645e-01
   9.8010395e-01   1.0008392e+00   5.6025221e-01   1.3801320e+01   9.8682445e-01
   9.9725535e-01   1.0008392e+00   5.6025221e-01   1.3798914e+01   9.8697241e-01
   1.0144067e+00   1.0008392e+00   5.6025221e-01   1.3796509e+01   9.8712033e-01
   1.0315581e+00   1.0008392e+00   5.6025221e-01   1.3794105e+01   9.8726821e-01
   1.0487095e+00   1.0008392e+00   5.6025220e-01   1.3791701e+01   9.8741604e-01
   1.0710793e+00   1.0008392e+00   5.6025220e-01   1.3788567e+01   9.8760879e-01
   1.0934490e+00   1.0008392e+00   5.6025220e-01   1.3785434e+01   9.8780146e-01
   1.1158188e+00   1.0008392e+00   5.6025220e-01   1.3782302e+01   9.8799406e-01
   1.1381885e+00   1.0008392e+00   5.6025220e-01   1.3779172e+01   9.8818659e-01
   1.1605583e+00   1.0008392e+00   5.6025220e-01   1.3776042e+01   9.8837905e-01
   1.1829280e+00   1.0008392e+00   5.6025220e-01   1.3772914e+01   9.8857143e-01
   1.2052978e+00   1.0008392e+00   5.6025220e-01   1.3769787e+01   9.8876374e-01
   1.2365526e+00   1.0008392e+00   5.6025220e-01   1.3765419e+01   9.8903232e-01
   1.2678074e+00   1.0008392e+00   5.6025220e-01   1.3761054e+01   9.8930075e-01
   1.2990622e+00   1.0008392e+00   5.6025219e-01   1.3756692e+01   9.8956904e-01
   1.3303170e+00   1.0008392e+00   5.6025219e-01   1.3752331e+01   9.8983719e-01
   1.3615719e+00   1.0008392e+00   5.6025219e-01   1.3747973e+01   9.9010520e-01
   1.3928267e+00   1.0008392e+00   5.6025219e-01   1.3743617e+01   9.9037306e-01
   1.4240815e+00   1.0008392e+00   5.6025219e-01   1.3739263e+01   9.9064079e-01
   1.4754685e+00   1.0008392e+00   5.6025219e-01   1.3732110e+01   9.9108066e-01
   1.5268554e+00   1.0008392e+00   5.6025219e-01   1.3724963e+01   9.9152015e-01
   1.5782424e+00   1.0008392e+00   5.6025219e-01   1.3717822e+01   9.9195926e-01
   1.6296294e+00   1.0008392e+00   5.6025218e-01   1.3710686e+01   9.9239799e-01
   1.6810163e+00   1.0008392e+00   5.6025218e-01   1.3703557e+01   9.9283634e-01
   1.7324033e+00   1.0008392e+00   5.6025218e-01   1.3696434e+01   9.9327431e-01
   1.8925011e+00   1.0008392e+00   5.6025218e-01   1.3674281e+01   9.9463638e-01
   2.0525989e+00   1.0008392e+00   5.6025218e-01   1.3652186e+01   9.9599479e-01
   2.2126967e+00   1.0008392e+00   5.6025218e-01   1.3630149e+01   9.9734955e-01
   2.3727944e+00   1.0008392e+00   5.6025218e-01   1.3608171e+01   9.9870065e-01
   2.5328922e+00   1.0008392e+00   5.6025218e-01   1.3586250e+01   1.0000481e+00
   2.6929900e+00   1.0008392e+00   5.6025218e-01   1.3564387e+01   1.0013919e+00
   2.9888686e+00   1.0008392e+00   5.6025219e-01   1.3524134e+01   1.0038660e+00
   3.2847472e+00   1.0008392e+00   5.6025220e-01   1.3484077e+01   1.0063277e+00
   3.5806257e+00   1.0008391e+00   5.6025222e-01   1.3444214e+01   1.0087772e+00
   3.8765043e+00   1.0008391e+00   5.6025224e-01   1.3404545e+01   1.0112146e+00
   4.1723829e+00   1.0008391e+00   5.6025226e-01   1.3365070e+01   1.0136398e+00
   4.4682614e+00   1.0008391e+00   5.6025229e-01   1.3325786e+01   1.0160530e+00
   4.9031001e+00   1.0008391e+00   5.6025233e-01   1.3268399e+01   1.0195778e+00
   5.3379388e+00   1.0008390e+00   5.6025238e-01   1.3211422e+01   1.0230769e+00
   5.7727774e+00   1.0008390e+00   5.6025245e-01   1.3154852e+01   1.0265506e+00
   6.2076161e+00   1.0008389e+00   5.6025251e-01   1.3098686e+01   1.0299989e+00
   6.6424548e+00   1.0008388e+00   5.6025259e-01   1.3042920e+01   1.0334221e+00
   7.0772934e+00   1.0008388e+00   5.6025267e-01   1.2987552e+01   1.0368204e+00
   7.5121321e+00   1.0008387e+00   5.6025276e-01   1.2932580e+01   1.0401939e+00
   8.2609194e+00   1.0008386e+00   5.6025293e-01   1.2838835e+01   1.0459457e+00
   9.0097068e+00   1.0008384e+00   5.6025312e-01   1.2746240e+01   1.0516255e+00
   9.7584941e+00   1.0008382e+00   5.6025334e-01   1.2654778e+01   1.0572345e+00
   1.0507281e+01   1.0008380e+00   5.6025357e-01   1.2564437e+01   1.0627734e+00
   1.1256069e+01   1.0008378e+00   5.6025383e-01   1.2475202e+01   1.0682431e+00
   1.2004856e+01   1.0008376e+00   5.6025410e-01   1.2387059e+01   1.0736446e+00
   1.2753644e+01   1.0008374e+00   5.6025440e-01   1.2299996e+01   1.0789787e+00
   1.3502431e+01   1.0008371e+00   5.6025472e-01   1.2213998e+01   1.0842463e+00
   1.4251218e+01   1.0008368e+00   5.6025505e-01   1.2129052e+01   1.0894482e+00
   1.5000006e+01   1.0008366e+00   5.6025541e-01   1.2045146e+01   1.0945853e+00
   1.5748793e+01   1.0008362e+00   5.6025578e-01   1.1962266e+01   1.0996584e+00
   1.6497580e+01   1.0008359e+00   5.6025617e-01   1.1880399e+01   1.1046683e+00
   1.7246368e+01   1.0008356e+00   5.6025658e-01   1.1799534e+01   1.1096159e+00
   1.7995155e+01   1.0008352e+00   5.6025701e-01   1.1719657e+01   1.1145018e+00
   1.8743942e+01   1.0008349e+00   5.6025746e-01   1.1640757e+01   1.1193270e+00
   1.9492730e+01   1.0008345e+00   5.6025792e-01   1.1562821e+01   1.1240921e+00
   2.0241517e+01   1.0008341e+00   5.6025840e-01   1.1485838e+01   1.1287979e+00
   2.0990304e+01   1.0008337e+00   5.6025890e-01   1.1409795e+01   1.1334453e+00
   2.1739092e+01   1.0008333e+00   5.6025942e-01   1.1334680e+01   1.1380348e+00
   2.2487879e+01   1.0008328e+00   5.6025996e-01   1.1260484e+01   1.1425674e+00
   2.3236666e+01   1.0008324e+00   5.6026051e-01   1.1187193e+01   1.1470436e+00
   2.3985454e+01   1.0008319e+00   5.6026107e-01   1.1114797e+01   1.1514642e+00
   2.4734241e+01   1.0008314e+00   5.6026166e-01   1.1043285e+01   1.1558300e+00
   2.5483028e+01   1.0008310e+00   5.6026226e-01   1.0972646e+01   1.1601415e+00
   2.6231816e+01   1.0008305e+00   5.6026288e-01   1.0902869e+01   1.1643995e+00
   2.6980603e+01   1.0008299e+00   5.6026351e-01   1.0833943e+01   1.1686047e+00
   2.7729390e+01   1.0008294e+00   5.6026415e-01   1.0765858e+01   1.1727577e+00
   2.8478178e+01   1.0008289e+00   5.6026482e-01   1.0698604e+01   1.1768591e+00
   2.9226965e+01   1.0008283e+00   5.6026550e-01   1.0632170e+01   1.1809098e+00
   2.9975752e+01   1.0008278e+00   5.6026619e-01   1.0566546e+01   1.1849102e+00
   3.0724540e+01   1.0008272e+00   5.6026690e-01   1.0501722e+01   1.1888610e+00
   3.1473327e+01   1.0008266e+00   5.6026762e-01   1.0437688e+01   1.1927628e+00
   3.2222114e+01   1.0008260e+00   5.6026836e-01   1.0374434e+01   1.1966163e+00
   3.2970902e+01   1.0008254e+00   5.6026911e-01   1.0311952e+01   1.2004220e+00
   3.3719689e+01   1.0008247e+00   5.6026987e-01   1.0250230e+01   1.2041806e+00
   3.4468476e+01   1.0008241e+00   5.6027065e-01   1.0189261e+01   1.2078927e+00
   3.5217264e+01   1.0008235e+00   5.6027145e-01   1.0129034e+01   1.2115588e+00
   3.5966051e+01   1.0008228e+00   5.6027225e-01   1.0069541e+01   1.2151795e+00
   3.6714838e+01   1.0008221e+00   5.6027307e-01   1.0010772e+01   1.2187554e+00
   3.7463626e+01   1.0008215e+00   5.6027391e-01   9.9527186e+00   1.2222870e+00
   3.8212413e+01   1.0008208e+00   5.6027475e-01   9.8953719e+00   1.2257749e+00
   3.8961201e+01   1.0008201e+00   5.6027561e-01   9.8387231e+00   1.2292197e+00
   3.9709988e+01   1.0008194e+00   5.6027649e-01   9.7827636e+00   1.2326218e+00
   4.0458775e+01   1.0008186e+00   5.6027737e-01   9.7274850e+00   1.2359819e+00
   4.1208229e+01   1.0008179e+00   5.6027827e-01   9.6728305e+00   1.2393033e+00
   4.1957684e+01   1.0008172e+00   5.6027918e-01   9.6188414e+00   1.2425837e+00
   4.2707138e+01   1.0008164e+00   5.6028010e-01   9.5655094e+00   1.2458234e+00
   4.3456592e+01   1.0008156e+00   5.6028104e-01   9.5128265e+00   1.2490231e+00
   4.4206046e+01   1.0008149e+00   5.6028198e-01   9.4607846e+00   1.2521832e+00
   4.4955501e+01   1.0008141e+00   5.6028294e-01   9.4093758e+00   1.2553041e+00
   4.5704955e+01   1.0008133e+00   5.6028391e-01   9.3585924e+00   1.2583865e+00
   4.6463044e+01   1.0008125e+00   5.6028490e-01   9.3078522e+00   1.2614656e+00
   4.7221134e+01   1.0008117e+00   5.6028591e-01   9.2577361e+00   1.2645062e+00
   4.7979224e+01   1.0008108e+00   5.6028692e-01   9.2082362e+00   1.2675088e+00
   4.8737313e+01   1.0008100e+00   5.6028795e-01   9.1593450e+00   1.2704738e+00
   4.9495403e+01   1.0008092e+00   5.6028899e-01   9.1110548e+00   1.2734017e+00
   5.0253492e+01   1.0008083e+00   5.6029004e-01   9.0633582e+00   1.2762930e+00
   5.1011582e+01   1.0008074e+00   5.6029110e-01   9.0162477e+00   1.2791482e+00
   5.1778338e+01   1.0008066e+00   5.6029218e-01   8.9691875e+00   1.2819997e+00
   5.2545095e+01   1.0008057e+00   5.6029327e-01   8.9227119e+00   1.2848152e+00
   5.3311852e+01   1.0008048e+00   5.6029438e-01   8.8768137e+00   1.2875950e+00
   5.4078608e+01   1.0008039e+00   5.6029549e-01   8.8314856e+00   1.2903398e+00
   5.4845365e+01   1.0008029e+00   5.6029662e-01   8.7867204e+00   1.2930498e+00
   5.5612121e+01   1.0008020e+00   5.6029775e-01   8.7425109e+00   1.2957256e+00
   5.6378878e+01   1.0008011e+00   5.6029890e-01   8.6988504e+00   1.2983675e+00
   5.7154651e+01   1.0008001e+00   5.6030007e-01   8.6552278e+00   1.3010066e+00
   5.7930425e+01   1.0007992e+00   5.6030125e-01   8.6121530e+00   1.3036119e+00
   5.8706198e+01   1.0007982e+00   5.6030244e-01   8.5696188e+00   1.3061839e+00
   5.9481972e+01   1.0007972e+00   5.6030364e-01   8.5276185e+00   1.3087231e+00
   6.0257745e+01   1.0007962e+00   5.6030485e-01   8.4861451e+00   1.3112297e+00
   6.1033519e+01   1.0007952e+00   5.6030607e-01   8.4451921e+00   1.3137044e+00
   6.1809292e+01   1.0007942e+00   5.6030730e-01   8.4047528e+00   1.3161474e+00
   6.2594329e+01   1.0007932e+00   5.6030855e-01   8.3643468e+00   1.3185878e+00
   6.3379365e+01   1.0007922e+00   5.6030981e-01   8.3244535e+00   1.3209966e+00
   6.4164402e+01   1.0007911e+00   5.6031108e-01   8.2850662e+00   1.3233743e+00
   6.4949439e+01   1.0007901e+00   5.6031236e-01   8.2461785e+00   1.3257212e+00
   6.5734475e+01   1.0007890e+00   5.6031365e-01   8.2077838e+00   1.3280377e+00
   6.6519512e+01   1.0007880e+00   5.6031495e-01   8.1698759e+00   1.3303244e+00
   6.7304548e+01   1.0007869e+00   5.6031626e-01   8.1324485e+00   1.3325814e+00
   6.8099102e+01   1.0007858e+00   5.6031759e-01   8.0950503e+00   1.3348361e+00
   6.8893656e+01   1.0007847e+00   5.6031893e-01   8.0581316e+00   1.3370613e+00
   6.9688210e+01   1.0007836e+00   5.6032028e-01   8.0216862e+00   1.3392573e+00
   7.0482763e+01   1.0007825e+00   5.6032164e-01   7.9857079e+00   1.3414247e+00
   7.1277317e+01   1.0007814e+00   5.6032301e-01   7.9501907e+00   1.3435636e+00
   7.2071871e+01   1.0007803e+00   5.6032439e-01   7.9151285e+00   1.3456746e+00
   7.2866425e+01   1.0007792e+00   5.6032577e-01   7.8805154e+00   1.3477579e+00
   7.3670748e+01   1.0007780e+00   5.6032718e-01   7.8459282e+00   1.3498391e+00
   7.4475070e+01   1.0007768e+00   5.6032860e-01   7.8117892e+00   1.3518927e+00
   7.5279393e+01   1.0007757e+00   5.6033002e-01   7.7780925e+00   1.3539191e+00
   7.6083716e+01   1.0007745e+00   5.6033146e-01   7.7448324e+00   1.3559186e+00
   7.6888039e+01   1.0007733e+00   5.6033290e-01   7.7120030e+00   1.3578917e+00
   7.7692362e+01   1.0007722e+00   5.6033435e-01   7.6795986e+00   1.3598386e+00
   7.8496685e+01   1.0007710e+00   5.6033581e-01   7.6476137e+00   1.3617597e+00
   7.9311102e+01   1.0007698e+00   5.6033729e-01   7.6156492e+00   1.3636790e+00
   8.0125520e+01   1.0007685e+00   5.6033878e-01   7.5841033e+00   1.3655725e+00
   8.0939937e+01   1.0007673e+00   5.6034028e-01   7.5529706e+00   1.3674406e+00
   8.1754354e+01   1.0007661e+00   5.6034179e-01   7.5222455e+00   1.3692837e+00
   8.2568771e+01   1.0007649e+00   5.6034330e-01   7.4919226e+00   1.3711020e+00
   8.3383189e+01   1.0007636e+00   5.6034483e-01   7.4619966e+00   1.3728959e+00
   8.4197606e+01   1.0007624e+00   5.6034635e-01   7.4324620e+00   1.3746657e+00
   8.5022439e+01   1.0007611e+00   5.6034791e-01   7.4029434e+00   1.3764340e+00
   8.5847273e+01   1.0007598e+00   5.6034947e-01   7.3738157e+00   1.3781782e+00
   8.6672106e+01   1.0007585e+00   5.6035104e-01   7.3450737e+00   1.3798988e+00
   8.7496940e+01   1.0007573e+00   5.6035262e-01   7.3167120e+00   1.3815959e+00
   8.8321773e+01   1.0007560e+00   5.6035420e-01   7.2887256e+00   1.3832699e+00
   8.9146606e+01   1.0007547e+00   5.6035579e-01   7.2611093e+00   1.3849212e+00
   8.9971440e+01   1.0007534e+00   5.6035739e-01   7.2338582e+00   1.3865500e+00
   9.0807045e+01   1.0007520e+00   5.6035902e-01   7.2066186e+00   1.3881775e+00
   9.1642651e+01   1.0007507e+00   5.6036065e-01   7.1797436e+00   1.3897826e+00
   9.2478256e+01   1.0007494e+00   5.6036229e-01   7.1532283e+00   1.3913656e+00
   9.3313862e+01   1.0007480e+00   5.6036393e-01   7.1270677e+00   1.3929268e+00
   9.4149467e+01   1.0007467e+00   5.6036558e-01   7.1012570e+00   1.3944664e+00
   9.4985073e+01   1.0007453e+00   5.6036724e-01   7.0757914e+00   1.3959848e+00
   9.5820678e+01   1.0007440e+00   5.6036891e-01   7.0506662e+00   1.3974823e+00
   9.6667399e+01   1.0007426e+00   5.6037060e-01   7.0255491e+00   1.3989786e+00
   9.7514120e+01   1.0007412e+00   5.6037230e-01   7.0007720e+00   1.4004540e+00
   9.8360841e+01   1.0007398e+00   5.6037400e-01   6.9763301e+00   1.4019089e+00
   9.9207562e+01   1.0007384e+00   5.6037571e-01   6.9522188e+00   1.4033433e+00
   1.0005428e+02   1.0007370e+00   5.6037743e-01   6.9284334e+00   1.4047578e+00
   1.0090100e+02   1.0007356e+00   5.6037916e-01   6.9049695e+00   1.4061524e+00
   1.0174772e+02   1.0007342e+00   5.6038088e-01   6.8818225e+00   1.4075276e+00
   1.0260596e+02   1.0007328e+00   5.6038264e-01   6.8586799e+00   1.4089018e+00
   1.0346419e+02   1.0007313e+00   5.6038441e-01   6.8358539e+00   1.4102566e+00
   1.0432242e+02   1.0007299e+00   5.6038618e-01   6.8133400e+00   1.4115921e+00
   1.0518065e+02   1.0007284e+00   5.6038795e-01   6.7911340e+00   1.4129087e+00
   1.0603888e+02   1.0007270e+00   5.6038973e-01   6.7692314e+00   1.4142066e+00
   1.0689712e+02   1.0007255e+00   5.6039152e-01   6.7476280e+00   1.4154862e+00
   1.0775535e+02   1.0007241e+00   5.6039331e-01   6.7263196e+00   1.4167475e+00
   1.0862549e+02   1.0007226e+00   5.6039514e-01   6.7050124e+00   1.4180081e+00
   1.0949563e+02   1.0007211e+00   5.6039697e-01   6.6839999e+00   1.4192506e+00
   1.1036577e+02   1.0007196e+00   5.6039880e-01   6.6632779e+00   1.4204752e+00
   1.1123591e+02   1.0007181e+00   5.6040064e-01   6.6428423e+00   1.4216822e+00
   1.1210605e+02   1.0007166e+00   5.6040248e-01   6.6226890e+00   1.4228718e+00
   1.1297620e+02   1.0007151e+00   5.6040433e-01   6.6028139e+00   1.4240442e+00
   1.1384634e+02   1.0007136e+00   5.6040619e-01   6.5832131e+00   1.4251998e+00
   1.1472883e+02   1.0007120e+00   5.6040807e-01   6.5636101e+00   1.4263548e+00
   1.1561133e+02   1.0007105e+00   5.6040996e-01   6.5442813e+00   1.4274929e+00
   1.1649382e+02   1.0007089e+00   5.6041186e-01   6.5252225e+00   1.4286144e+00
   1.1737631e+02   1.0007074e+00   5.6041376e-01   6.5064300e+00   1.4297194e+00
   1.1825881e+02   1.0007058e+00   5.6041566e-01   6.4878998e+00   1.4308084e+00
   1.1914130e+02   1.0007043e+00   5.6041757e-01   6.4696282e+00   1.4318814e+00
   1.2002379e+02   1.0007027e+00   5.6041949e-01   6.4516114e+00   1.4329387e+00
   1.2091910e+02   1.0007011e+00   5.6042144e-01   6.4335896e+00   1.4339955e+00
   1.2181441e+02   1.0006995e+00   5.6042339e-01   6.4158225e+00   1.4350367e+00
   1.2270972e+02   1.0006979e+00   5.6042535e-01   6.3983063e+00   1.4360624e+00
   1.2360502e+02   1.0006963e+00   5.6042731e-01   6.3810374e+00   1.4370728e+00
   1.2450033e+02   1.0006947e+00   5.6042927e-01   6.3640122e+00   1.4380683e+00
   1.2539564e+02   1.0006931e+00   5.6043124e-01   6.3472269e+00   1.4390490e+00
   1.2629095e+02   1.0006915e+00   5.6043322e-01   6.3306783e+00   1.4400150e+00
   1.2719955e+02   1.0006899e+00   5.6043523e-01   6.3141221e+00   1.4409808e+00
   1.2810815e+02   1.0006882e+00   5.6043724e-01   6.2978025e+00   1.4419319e+00
   1.2901675e+02   1.0006866e+00   5.6043926e-01   6.2817157e+00   1.4428688e+00
   1.2992535e+02   1.0006850e+00   5.6044128e-01   6.2658584e+00   1.4437914e+00
   1.3083395e+02   1.0006833e+00   5.6044330e-01   6.2502272e+00   1.4447001e+00
   1.3174255e+02   1.0006816e+00   5.6044533e-01   6.2348186e+00   1.4455951e+00
   1.3265115e+02   1.0006800e+00   5.6044737e-01   6.2196293e+00   1.4464766e+00
   1.3357355e+02   1.0006783e+00   5.6044944e-01   6.2044305e+00   1.4473578e+00
   1.3449594e+02   1.0006766e+00   5.6045151e-01   6.1894509e+00   1.4482255e+00
   1.3541834e+02   1.0006749e+00   5.6045358e-01   6.1746874e+00   1.4490799e+00
   1.3634074e+02   1.0006732e+00   5.6045567e-01   6.1601366e+00   1.4499211e+00
   1.3726313e+02   1.0006715e+00   5.6045775e-01   6.1457953e+00   1.4507494e+00
   1.3818553e+02   1.0006698e+00   5.6045984e-01   6.1316603e+00   1.4515650e+00
   1.3910792e+02   1.0006681e+00   5.6046193e-01   6.1177286e+00   1.4523680e+00
   1.4004464e+02   1.0006664e+00   5.6046406e-01   6.1037854e+00   1.4531709e+00
   1.4098135e+02   1.0006646e+00   5.6046619e-01   6.0900454e+00   1.4539612e+00
   1.4191807e+02   1.0006629e+00   5.6046833e-01   6.0765056e+00   1.4547391e+00
   1.4285478e+02   1.0006612e+00   5.6047046e-01   6.0631627e+00   1.4555049e+00
   1.4379149e+02   1.0006594e+00   5.6047261e-01   6.0500139e+00   1.4562587e+00
   1.4472821e+02   1.0006577e+00   5.6047475e-01   6.0370561e+00   1.4570007e+00
   1.4566492e+02   1.0006559e+00   5.6047690e-01   6.0242863e+00   1.4577311e+00
   1.4661653e+02   1.0006541e+00   5.6047909e-01   6.0115030e+00   1.4584614e+00
   1.4756815e+02   1.0006523e+00   5.6048128e-01   5.9989079e+00   1.4591801e+00
   1.4851976e+02   1.0006505e+00   5.6048348e-01   5.9864979e+00   1.4598873e+00
   1.4947137e+02   1.0006487e+00   5.6048567e-01   5.9742703e+00   1.4605833e+00
   1.5042299e+02   1.0006470e+00   5.6048787e-01   5.9622221e+00   1.4612682e+00
   1.5137460e+02   1.0006452e+00   5.6049008e-01   5.9503505e+00   1.4619421e+00
   1.5232621e+02   1.0006434e+00   5.6049229e-01   5.9386528e+00   1.4626053e+00
   1.5329332e+02   1.0006415e+00   5.6049453e-01   5.9269400e+00   1.4632685e+00
   1.5426043e+02   1.0006397e+00   5.6049678e-01   5.9154011e+00   1.4639209e+00
   1.5522754e+02   1.0006379e+00   5.6049904e-01   5.9040334e+00   1.4645627e+00
   1.5619464e+02   1.0006360e+00   5.6050129e-01   5.8928342e+00   1.4651941e+00
   1.5716175e+02   1.0006342e+00   5.6050355e-01   5.8818009e+00   1.4658152e+00
   1.5812886e+02   1.0006323e+00   5.6050581e-01   5.8709307e+00   1.4664262e+00
   1.5909597e+02   1.0006305e+00   5.6050808e-01   5.8602210e+00   1.4670273e+00
   1.6007915e+02   1.0006286e+00   5.6051038e-01   5.8494954e+00   1.4676284e+00
   1.6106233e+02   1.0006267e+00   5.6051269e-01   5.8389304e+00   1.4682195e+00
   1.6204550e+02   1.0006248e+00   5.6051500e-01   5.8285235e+00   1.4688008e+00
   1.6302868e+02   1.0006229e+00   5.6051732e-01   5.8182722e+00   1.4693725e+00
   1.6401186e+02   1.0006211e+00   5.6051964e-01   5.8081738e+00   1.4699347e+00
   1.6499504e+02   1.0006192e+00   5.6052195e-01   5.7982260e+00   1.4704876e+00
   1.6597822e+02   1.0006173e+00   5.6052428e-01   5.7884263e+00   1.4710314e+00
   1.6697817e+02   1.0006153e+00   5.6052664e-01   5.7786088e+00   1.4715751e+00
   1.6797812e+02   1.0006134e+00   5.6052901e-01   5.7689396e+00   1.4721096e+00
   1.6897806e+02   1.0006115e+00   5.6053138e-01   5.7594162e+00   1.4726351e+00
   1.6997801e+02   1.0006095e+00   5.6053375e-01   5.7500362e+00   1.4731518e+00
   1.7097796e+02   1.0006076e+00   5.6053613e-01   5.7407972e+00   1.4736596e+00
   1.7197791e+02   1.0006057e+00   5.6053851e-01   5.7316969e+00   1.4741589e+00
   1.7297786e+02   1.0006037e+00   5.6054089e-01   5.7227330e+00   1.4746497e+00
   1.7399527e+02   1.0006018e+00   5.6054331e-01   5.7137503e+00   1.4751406e+00
   1.7501269e+02   1.0005998e+00   5.6054574e-01   5.7049042e+00   1.4756229e+00
   1.7603010e+02   1.0005978e+00   5.6054817e-01   5.6961924e+00   1.4760970e+00
   1.7704752e+02   1.0005958e+00   5.6055060e-01   5.6876126e+00   1.4765628e+00
   1.7806493e+02   1.0005938e+00   5.6055304e-01   5.6791627e+00   1.4770206e+00
   1.7908234e+02   1.0005918e+00   5.6055547e-01   5.6708404e+00   1.4774704e+00
   1.8009976e+02   1.0005898e+00   5.6055791e-01   5.6626437e+00   1.4779125e+00
   1.8113536e+02   1.0005878e+00   5.6056040e-01   5.6544271e+00   1.4783546e+00
   1.8217096e+02   1.0005858e+00   5.6056288e-01   5.6463363e+00   1.4787889e+00
   1.8320656e+02   1.0005838e+00   5.6056537e-01   5.6383690e+00   1.4792155e+00
   1.8424216e+02   1.0005817e+00   5.6056787e-01   5.6305231e+00   1.4796346e+00
   1.8527775e+02   1.0005797e+00   5.6057036e-01   5.6227966e+00   1.4800462e+00
   1.8631335e+02   1.0005777e+00   5.6057285e-01   5.6151874e+00   1.4804506e+00
   1.8734895e+02   1.0005756e+00   5.6057535e-01   5.6076935e+00   1.4808477e+00
   1.8840347e+02   1.0005736e+00   5.6057790e-01   5.6001792e+00   1.4812449e+00
   1.8945800e+02   1.0005715e+00   5.6058045e-01   5.5927803e+00   1.4816350e+00
   1.9051252e+02   1.0005694e+00   5.6058300e-01   5.5854949e+00   1.4820179e+00
   1.9156704e+02   1.0005673e+00   5.6058555e-01   5.5783211e+00   1.4823939e+00
   1.9262156e+02   1.0005652e+00   5.6058810e-01   5.5712568e+00   1.4827631e+00
   1.9367608e+02   1.0005631e+00   5.6059066e-01   5.5643001e+00   1.4831257e+00
   1.9473060e+02   1.0005611e+00   5.6059322e-01   5.5574492e+00   1.4834816e+00
   1.9580484e+02   1.0005589e+00   5.6059582e-01   5.5505771e+00   1.4838375e+00
   1.9687908e+02   1.0005568e+00   5.6059843e-01   5.5438110e+00   1.4841868e+00
   1.9795332e+02   1.0005547e+00   5.6060105e-01   5.5371489e+00   1.4845296e+00
   1.9902756e+02   1.0005525e+00   5.6060366e-01   5.5305891e+00   1.4848661e+00
   2.0010180e+02   1.0005504e+00   5.6060627e-01   5.5241296e+00   1.4851963e+00
   2.0117604e+02   1.0005483e+00   5.6060889e-01   5.5177688e+00   1.4855204e+00
   2.0225028e+02   1.0005461e+00   5.6061151e-01   5.5115050e+00   1.4858384e+00
   2.0334516e+02   1.0005440e+00   5.6061418e-01   5.5052187e+00   1.4861565e+00
   2.0444003e+02   1.0005418e+00   5.6061685e-01   5.4990294e+00   1.4864684e+00
   2.0553490e+02   1.0005396e+00   5.6061953e-01   5.4929356e+00   1.4867745e+00
   2.0662978e+02   1.0005374e+00   5.6062220e-01   5.4869352e+00   1.4870747e+00
   2.0772465e+02   1.0005352e+00   5.6062488e-01   5.4810268e+00   1.4873691e+00
   2.0881952e+02   1.0005331e+00   5.6062756e-01   5.4752087e+00   1.4876580e+00
   2.0991439e+02   1.0005309e+00   5.6063024e-01   5.4694791e+00   1.4879413e+00
   2.1103078e+02   1.0005286e+00   5.6063298e-01   5.4637266e+00   1.4882245e+00
   2.1214716e+02   1.0005264e+00   5.6063571e-01   5.4580628e+00   1.4885023e+00
   2.1326354e+02   1.0005242e+00   5.6063845e-01   5.4524862e+00   1.4887745e+00
   2.1437992e+02   1.0005220e+00   5.6064119e-01   5.4469951e+00   1.4890415e+00
   2.1549630e+02   1.0005197e+00   5.6064393e-01   5.4415880e+00   1.4893032e+00
   2.1661269e+02   1.0005175e+00   5.6064668e-01   5.4362632e+00   1.4895597e+00
   2.1772907e+02   1.0005152e+00   5.6064942e-01   5.4310194e+00   1.4898112e+00
   2.1886787e+02   1.0005130e+00   5.6065222e-01   5.4257521e+00   1.4900626e+00
   2.2000668e+02   1.0005107e+00   5.6065502e-01   5.4205658e+00   1.4903090e+00
   2.2114548e+02   1.0005084e+00   5.6065783e-01   5.4154590e+00   1.4905504e+00
   2.2228428e+02   1.0005061e+00   5.6066063e-01   5.4104303e+00   1.4907869e+00
   2.2342309e+02   1.0005038e+00   5.6066344e-01   5.4054781e+00   1.4910186e+00
   2.2456189e+02   1.0005015e+00   5.6066625e-01   5.4006010e+00   1.4912456e+00
   2.2570069e+02   1.0004992e+00   5.6066906e-01   5.3957977e+00   1.4914680e+00
   2.2686299e+02   1.0004969e+00   5.6067193e-01   5.3909698e+00   1.4916903e+00
   2.2802530e+02   1.0004946e+00   5.6067480e-01   5.3862157e+00   1.4919080e+00
   2.2918760e+02   1.0004922e+00   5.6067767e-01   5.3815342e+00   1.4921212e+00
   2.3034990e+02   1.0004899e+00   5.6068054e-01   5.3769236e+00   1.4923299e+00
   2.3151220e+02   1.0004875e+00   5.6068341e-01   5.3723828e+00   1.4925342e+00
   2.3267450e+02   1.0004852e+00   5.6068629e-01   5.3679104e+00   1.4927342e+00
   2.3383680e+02   1.0004828e+00   5.6068916e-01   5.3635049e+00   1.4929301e+00
   2.3502364e+02   1.0004805e+00   5.6069210e-01   5.3590743e+00   1.4931258e+00
   2.3621047e+02   1.0004781e+00   5.6069504e-01   5.3547109e+00   1.4933173e+00
   2.3739730e+02   1.0004757e+00   5.6069798e-01   5.3504134e+00   1.4935047e+00
   2.3858414e+02   1.0004733e+00   5.6070092e-01   5.3461805e+00   1.4936880e+00
   2.3977097e+02   1.0004709e+00   5.6070386e-01   5.3420109e+00   1.4938674e+00
   2.4095781e+02   1.0004685e+00   5.6070681e-01   5.3379033e+00   1.4940428e+00
   2.4214464e+02   1.0004661e+00   5.6070975e-01   5.3338566e+00   1.4942145e+00
   2.4335719e+02   1.0004636e+00   5.6071276e-01   5.3297838e+00   1.4943860e+00
   2.4456974e+02   1.0004612e+00   5.6071577e-01   5.3257720e+00   1.4945536e+00
   2.4578230e+02   1.0004587e+00   5.6071878e-01   5.3218200e+00   1.4947175e+00
   2.4699485e+02   1.0004562e+00   5.6072180e-01   5.3179265e+00   1.4948777e+00
   2.4820740e+02   1.0004538e+00   5.6072481e-01   5.3140905e+00   1.4950344e+00
   2.4941995e+02   1.0004513e+00   5.6072783e-01   5.3103107e+00   1.4951874e+00
   2.5063250e+02   1.0004489e+00   5.6073084e-01   5.3065860e+00   1.4953370e+00
   2.5187195e+02   1.0004464e+00   5.6073392e-01   5.3028345e+00   1.4954864e+00
   2.5311140e+02   1.0004438e+00   5.6073701e-01   5.2991382e+00   1.4956324e+00
   2.5435086e+02   1.0004413e+00   5.6074009e-01   5.2954961e+00   1.4957749e+00
   2.5559031e+02   1.0004388e+00   5.6074318e-01   5.2919070e+00   1.4959141e+00
   2.5682976e+02   1.0004363e+00   5.6074627e-01   5.2883698e+00   1.4960500e+00
   2.5806921e+02   1.0004338e+00   5.6074936e-01   5.2848835e+00   1.4961828e+00
   2.5930866e+02   1.0004313e+00   5.6075245e-01   5.2814469e+00   1.4963124e+00
   2.6057634e+02   1.0004287e+00   5.6075561e-01   5.2779826e+00   1.4964417e+00
   2.6184401e+02   1.0004261e+00   5.6075877e-01   5.2745682e+00   1.4965679e+00
   2.6311169e+02   1.0004235e+00   5.6076193e-01   5.2712027e+00   1.4966911e+00
   2.6437937e+02   1.0004210e+00   5.6076509e-01   5.2678851e+00   1.4968112e+00
   2.6564704e+02   1.0004184e+00   5.6076826e-01   5.2646144e+00   1.4969283e+00
   2.6691472e+02   1.0004158e+00   5.6077142e-01   5.2613895e+00   1.4970426e+00
   2.6818239e+02   1.0004132e+00   5.6077458e-01   5.2582095e+00   1.4971540e+00
   2.6947974e+02   1.0004106e+00   5.6077782e-01   5.2550007e+00   1.4972652e+00
   2.7077709e+02   1.0004079e+00   5.6078107e-01   5.2518368e+00   1.4973735e+00
   2.7207444e+02   1.0004053e+00   5.6078431e-01   5.2487170e+00   1.4974790e+00
   2.7337179e+02   1.0004027e+00   5.6078755e-01   5.2456404e+00   1.4975819e+00
   2.7466914e+02   1.0004000e+00   5.6079079e-01   5.2426059e+00   1.4976820e+00
   2.7596649e+02   1.0003974e+00   5.6079404e-01   5.2396128e+00   1.4977795e+00
   2.7726384e+02   1.0003947e+00   5.6079728e-01   5.2366600e+00   1.4978745e+00
   2.7859231e+02   1.0003920e+00   5.6080060e-01   5.2336774e+00   1.4979692e+00
   2.7992079e+02   1.0003893e+00   5.6080393e-01   5.2307352e+00   1.4980613e+00
   2.8124926e+02   1.0003866e+00   5.6080725e-01   5.2278327e+00   1.4981509e+00
   2.8257773e+02   1.0003839e+00   5.6081057e-01   5.2249690e+00   1.4982381e+00
   2.8390621e+02   1.0003812e+00   5.6081390e-01   5.2221431e+00   1.4983229e+00
   2.8523468e+02   1.0003785e+00   5.6081723e-01   5.2193543e+00   1.4984053e+00
   2.8656315e+02   1.0003758e+00   5.6082055e-01   5.2166018e+00   1.4984854e+00
   2.8792429e+02   1.0003730e+00   5.6082396e-01   5.2138182e+00   1.4985652e+00
   2.8928543e+02   1.0003702e+00   5.6082737e-01   5.2110711e+00   1.4986426e+00
   2.9064657e+02   1.0003674e+00   5.6083078e-01   5.2083595e+00   1.4987179e+00
   2.9200772e+02   1.0003646e+00   5.6083419e-01   5.2056826e+00   1.4987909e+00
   2.9336886e+02   1.0003619e+00   5.6083760e-01   5.2030396e+00   1.4988617e+00
   2.9473000e+02   1.0003591e+00   5.6084102e-01   5.2004299e+00   1.4989305e+00
   2.9609114e+02   1.0003563e+00   5.6084443e-01   5.1978525e+00   1.4989972e+00
   2.9748679e+02   1.0003534e+00   5.6084793e-01   5.1952427e+00   1.4990635e+00
   2.9888245e+02   1.0003506e+00   5.6085143e-01   5.1926654e+00   1.4991278e+00
   3.0027810e+02   1.0003477e+00   5.6085493e-01   5.1901199e+00   1.4991900e+00
   3.0167375e+02   1.0003449e+00   5.6085843e-01   5.1876054e+00   1.4992503e+00
   3.0306941e+02   1.0003420e+00   5.6086193e-01   5.1851212e+00   1.4993086e+00
   3.0446506e+02   1.0003392e+00   5.6086543e-01   5.1826666e+00   1.4993651e+00
   3.0586072e+02   1.0003363e+00   5.6086893e-01   5.1802410e+00   1.4994197e+00
   3.0729270e+02   1.0003334e+00   5.6087253e-01   5.1777816e+00   1.4994739e+00
   3.0872468e+02   1.0003305e+00   5.6087612e-01   5.1753512e+00   1.4995262e+00
   3.1015666e+02   1.0003275e+00   5.6087972e-01   5.1729492e+00   1.4995767e+00
   3.1158864e+02   1.0003246e+00   5.6088331e-01   5.1705748e+00   1.4996255e+00
   3.1302062e+02   1.0003217e+00   5.6088691e-01   5.1682274e+00   1.4996726e+00
   3.1445260e+02   1.0003188e+00   5.6089050e-01   5.1659063e+00   1.4997180e+00
   3.1588458e+02   1.0003158e+00   5.6089410e-01   5.1636110e+00   1.4997617e+00
   3.1735498e+02   1.0003128e+00   5.6089779e-01   5.1612802e+00   1.4998050e+00
   3.1882537e+02   1.0003098e+00   5.6090149e-01   5.1589752e+00   1.4998466e+00
   3.2029576e+02   1.0003068e+00   5.6090518e-01   5.1566955e+00   1.4998866e+00
   3.2176615e+02   1.0003038e+00   5.6090887e-01   5.1544403e+00   1.4999251e+00
   3.2323655e+02   1.0003008e+00   5.6091257e-01   5.1522091e+00   1.4999620e+00
   3.2470694e+02   1.0002978e+00   5.6091626e-01   5.1500012e+00   1.4999974e+00
   3.2617733e+02   1.0002947e+00   5.6091996e-01   5.1478162e+00   1.5000314e+00
   3.2768825e+02   1.0002917e+00   5.6092376e-01   5.1455941e+00   1.5000649e+00
   3.2919916e+02   1.0002886e+00   5.6092755e-01   5.1433949e+00   1.5000968e+00
   3.3071007e+02   1.0002855e+00   5.6093135e-01   5.1412181e+00   1.5001274e+00
   3.3222098e+02   1.0002824e+00   5.6093515e-01   5.1390630e+00   1.5001566e+00
   3.3373189e+02   1.0002793e+00   5.6093895e-01   5.1369291e+00   1.5001844e+00
   3.3524281e+02   1.0002762e+00   5.6094275e-01   5.1348158e+00   1.5002109e+00
   3.3675372e+02   1.0002731e+00   5.6094655e-01   5.1327228e+00   1.5002361e+00
   3.3830757e+02   1.0002699e+00   5.6095046e-01   5.1305907e+00   1.5002608e+00
   3.3986141e+02   1.0002667e+00   5.6095436e-01   5.1284789e+00   1.5002841e+00
   3.4141526e+02   1.0002635e+00   5.6095827e-01   5.1263868e+00   1.5003062e+00
   3.4296911e+02   1.0002603e+00   5.6096218e-01   5.1243139e+00   1.5003270e+00
   3.4452296e+02   1.0002572e+00   5.6096609e-01   5.1222596e+00   1.5003467e+00
   3.4607681e+02   1.0002540e+00   5.6097000e-01   5.1202237e+00   1.5003652e+00
   3.4763066e+02   1.0002508e+00   5.6097390e-01   5.1182054e+00   1.5003826e+00
   3.4923013e+02   1.0002475e+00   5.6097793e-01   5.1161460e+00   1.5003993e+00
   3.5082960e+02   1.0002442e+00   5.6098195e-01   5.1141043e+00   1.5004149e+00
   3.5242907e+02   1.0002410e+00   5.6098598e-01   5.1120801e+00   1.5004293e+00
   3.5402854e+02   1.0002377e+00   5.6099000e-01   5.1100727e+00   1.5004427e+00
   3.5562801e+02   1.0002344e+00   5.6099403e-01   5.1080817e+00   1.5004551e+00
   3.5722749e+02   1.0002311e+00   5.6099805e-01   5.1061068e+00   1.5004664e+00
   3.5882696e+02   1.0002278e+00   5.6100208e-01   5.1041474e+00   1.5004767e+00
   3.6047470e+02   1.0002245e+00   5.6100622e-01   5.1021447e+00   1.5004863e+00
   3.6212244e+02   1.0002211e+00   5.6101037e-01   5.1001577e+00   1.5004950e+00
   3.6377018e+02   1.0002177e+00   5.6101452e-01   5.0981859e+00   1.5005026e+00
   3.6541792e+02   1.0002143e+00   5.6101866e-01   5.0962289e+00   1.5005093e+00
   3.6706566e+02   1.0002109e+00   5.6102281e-01   5.0942862e+00   1.5005151e+00
   3.6871341e+02   1.0002076e+00   5.6102696e-01   5.0923576e+00   1.5005200e+00
   3.7036115e+02   1.0002042e+00   5.6103111e-01   5.0904426e+00   1.5005240e+00
   3.7206028e+02   1.0002007e+00   5.6103538e-01   5.0884817e+00   1.5005273e+00
   3.7375941e+02   1.0001972e+00   5.6103966e-01   5.0865345e+00   1.5005297e+00
   3.7545854e+02   1.0001937e+00   5.6104394e-01   5.0846005e+00   1.5005312e+00
   3.7715767e+02   1.0001903e+00   5.6104821e-01   5.0826795e+00   1.5005319e+00
   3.7885680e+02   1.0001868e+00   5.6105249e-01   5.0807710e+00   1.5005318e+00
   3.8055593e+02   1.0001833e+00   5.6105677e-01   5.0788747e+00   1.5005309e+00
   3.8225507e+02   1.0001798e+00   5.6106105e-01   5.0769903e+00   1.5005293e+00
   3.8400906e+02   1.0001762e+00   5.6106546e-01   5.0750571e+00   1.5005268e+00
   3.8576306e+02   1.0001726e+00   5.6106988e-01   5.0731358e+00   1.5005236e+00
   3.8751705e+02   1.0001690e+00   5.6107429e-01   5.0712260e+00   1.5005196e+00
   3.8927105e+02   1.0001654e+00   5.6107871e-01   5.0693275e+00   1.5005150e+00
   3.9102504e+02   1.0001618e+00   5.6108313e-01   5.0674399e+00   1.5005096e+00
   3.9277904e+02   1.0001582e+00   5.6108754e-01   5.0655628e+00   1.5005035e+00
   3.9453303e+02   1.0001546e+00   5.6109196e-01   5.0636960e+00   1.5004968e+00
   3.9634561e+02   1.0001509e+00   5.6109652e-01   5.0617774e+00   1.5004892e+00
   3.9815819e+02   1.0001472e+00   5.6110109e-01   5.0598691e+00   1.5004809e+00
   3.9997077e+02   1.0001435e+00   5.6110565e-01   5.0579708e+00   1.5004720e+00
   4.0178335e+02   1.0001397e+00   5.6111021e-01   5.0560822e+00   1.5004625e+00
   4.0359592e+02   1.0001360e+00   5.6111478e-01   5.0542030e+00   1.5004524e+00
   4.0540850e+02   1.0001323e+00   5.6111934e-01   5.0523330e+00   1.5004416e+00
   4.0722108e+02   1.0001286e+00   5.6112390e-01   5.0504718e+00   1.5004304e+00
   4.0909647e+02   1.0001247e+00   5.6112863e-01   5.0485552e+00   1.5004181e+00
   4.1097186e+02   1.0001209e+00   5.6113335e-01   5.0466476e+00   1.5004053e+00
   4.1284724e+02   1.0001171e+00   5.6113807e-01   5.0447485e+00   1.5003919e+00
   4.1472263e+02   1.0001132e+00   5.6114279e-01   5.0428579e+00   1.5003780e+00
   4.1659802e+02   1.0001094e+00   5.6114751e-01   5.0409753e+00   1.5003636e+00
   4.1847341e+02   1.0001055e+00   5.6115224e-01   5.0391007e+00   1.5003486e+00
   4.2034880e+02   1.0001017e+00   5.6115696e-01   5.0372336e+00   1.5003332e+00
   4.2229147e+02   1.0000977e+00   5.6116185e-01   5.0353074e+00   1.5003167e+00
   4.2423415e+02   1.0000937e+00   5.6116674e-01   5.0333888e+00   1.5002998e+00
   4.2617682e+02   1.0000897e+00   5.6117163e-01   5.0314777e+00   1.5002823e+00
   4.2811950e+02   1.0000857e+00   5.6117652e-01   5.0295737e+00   1.5002645e+00
   4.3006217e+02   1.0000817e+00   5.6118141e-01   5.0276768e+00   1.5002461e+00
   4.3200484e+02   1.0000778e+00   5.6118630e-01   5.0257865e+00   1.5002274e+00
   4.3394752e+02   1.0000738e+00   5.6119119e-01   5.0239028e+00   1.5002082e+00
   4.3596267e+02   1.0000697e+00   5.6119627e-01   5.0219555e+00   1.5001879e+00
   4.3797783e+02   1.0000655e+00   5.6120134e-01   5.0200147e+00   1.5001671e+00
   4.3999298e+02   1.0000614e+00   5.6120641e-01   5.0180804e+00   1.5001460e+00
   4.4200814e+02   1.0000573e+00   5.6121149e-01   5.0161521e+00   1.5001244e+00
   4.4402329e+02   1.0000531e+00   5.6121656e-01   5.0142298e+00   1.5001025e+00
   4.4603844e+02   1.0000490e+00   5.6122163e-01   5.0123133e+00   1.5000803e+00
   4.4805360e+02   1.0000449e+00   5.6122670e-01   5.0104023e+00   1.5000576e+00
   4.5014705e+02   1.0000406e+00   5.6123197e-01   5.0084228e+00   1.5000338e+00
   4.5224050e+02   1.0000363e+00   5.6123724e-01   5.0064489e+00   1.5000095e+00
   4.5433395e+02   1.0000320e+00   5.6124251e-01   5.0044804e+00   1.4999850e+00
   4.5642740e+02   1.0000277e+00   5.6124778e-01   5.0025172e+00   1.4999601e+00
   4.5852085e+02   1.0000234e+00   5.6125305e-01   5.0005590e+00   1.4999349e+00
   4.6061430e+02   1.0000191e+00   5.6125832e-01   4.9986057e+00   1.4999094e+00
   4.6270775e+02   1.0000148e+00   5.6126359e-01   4.9966572e+00   1.4998835e+00
   4.6488500e+02   1.0000104e+00   5.6126907e-01   4.9946354e+00   1.4998564e+00
   4.6706225e+02   1.0000059e+00   5.6127455e-01   4.9926185e+00   1.4998289e+00
   4.6923950e+02   1.0000014e+00   5.6128003e-01   4.9906061e+00   1.4998012e+00
   4.7141675e+02   9.9999697e-01   5.6128551e-01   4.9885983e+00   1.4997732e+00
   4.7359400e+02   9.9999251e-01   5.6129099e-01   4.9865946e+00   1.4997449e+00
   4.7577125e+02   9.9998805e-01   5.6129647e-01   4.9845952e+00   1.4997163e+00
   4.7794850e+02   9.9998358e-01   5.6130194e-01   4.9825997e+00   1.4996875e+00
   4.8022121e+02   9.9997893e-01   5.6130766e-01   4.9805209e+00   1.4996572e+00
   4.8249392e+02   9.9997427e-01   5.6131338e-01   4.9784461e+00   1.4996266e+00
   4.8476663e+02   9.9996961e-01   5.6131910e-01   4.9763753e+00   1.4995958e+00
   4.8703934e+02   9.9996496e-01   5.6132482e-01   4.9743082e+00   1.4995648e+00
   4.8931205e+02   9.9996030e-01   5.6133054e-01   4.9722448e+00   1.4995335e+00
   4.9158476e+02   9.9995565e-01   5.6133626e-01   4.9701848e+00   1.4995021e+00
   4.9385747e+02   9.9995099e-01   5.6134197e-01   4.9681283e+00   1.4994704e+00
   4.9622897e+02   9.9994613e-01   5.6134794e-01   4.9659859e+00   1.4994371e+00
   4.9860047e+02   9.9994127e-01   5.6135390e-01   4.9638469e+00   1.4994036e+00
   5.0097196e+02   9.9993642e-01   5.6135987e-01   4.9617112e+00   1.4993699e+00
   5.0334346e+02   9.9993156e-01   5.6136584e-01   4.9595787e+00   1.4993360e+00
   5.0571495e+02   9.9992670e-01   5.6137180e-01   4.9574493e+00   1.4993019e+00
   5.0808645e+02   9.9992184e-01   5.6137777e-01   4.9553228e+00   1.4992677e+00
   5.1045794e+02   9.9991699e-01   5.6138373e-01   4.9531992e+00   1.4992333e+00
   5.1293670e+02   9.9991191e-01   5.6138996e-01   4.9509825e+00   1.4991971e+00
   5.1541546e+02   9.9990684e-01   5.6139620e-01   4.9487687e+00   1.4991608e+00
   5.1789423e+02   9.9990176e-01   5.6140243e-01   4.9465577e+00   1.4991243e+00
   5.2037299e+02   9.9989669e-01   5.6140867e-01   4.9443494e+00   1.4990877e+00
   5.2285175e+02   9.9989161e-01   5.6141490e-01   4.9421437e+00   1.4990508e+00
   5.2533051e+02   9.9988654e-01   5.6142113e-01   4.9399405e+00   1.4990139e+00
   5.2780927e+02   9.9988146e-01   5.6142736e-01   4.9377398e+00   1.4989768e+00
   5.3040997e+02   9.9987614e-01   5.6143390e-01   4.9354332e+00   1.4989377e+00
   5.3301067e+02   9.9987081e-01   5.6144044e-01   4.9331292e+00   1.4988985e+00
   5.3561137e+02   9.9986549e-01   5.6144698e-01   4.9308275e+00   1.4988592e+00
   5.3821207e+02   9.9986017e-01   5.6145352e-01   4.9285281e+00   1.4988197e+00
   5.4081276e+02   9.9985484e-01   5.6146006e-01   4.9262309e+00   1.4987801e+00
   5.4341346e+02   9.9984952e-01   5.6146659e-01   4.9239359e+00   1.4987404e+00
   5.4601416e+02   9.9984420e-01   5.6147313e-01   4.9216429e+00   1.4987006e+00
   5.4874639e+02   9.9983861e-01   5.6148000e-01   4.9192361e+00   1.4986586e+00
   5.5147861e+02   9.9983302e-01   5.6148687e-01   4.9168314e+00   1.4986165e+00
   5.5421083e+02   9.9982743e-01   5.6149373e-01   4.9144288e+00   1.4985743e+00
   5.5694306e+02   9.9982184e-01   5.6150060e-01   4.9120281e+00   1.4985320e+00
   5.5967528e+02   9.9981625e-01   5.6150747e-01   4.9096293e+00   1.4984896e+00
   5.6240751e+02   9.9981066e-01   5.6151433e-01   4.9072324e+00   1.4984471e+00
   5.6513973e+02   9.9980507e-01   5.6152120e-01   4.9048372e+00   1.4984045e+00
   5.6801574e+02   9.9979919e-01   5.6152842e-01   4.9023178e+00   1.4983596e+00
   5.7089174e+02   9.9979331e-01   5.6153565e-01   4.8998002e+00   1.4983146e+00
   5.7376775e+02   9.9978742e-01   5.6154288e-01   4.8972845e+00   1.4982695e+00
   5.7664375e+02   9.9978154e-01   5.6155010e-01   4.8947704e+00   1.4982243e+00
   5.7951975e+02   9.9977566e-01   5.6155733e-01   4.8922579e+00   1.4981790e+00
   5.8239576e+02   9.9976978e-01   5.6156455e-01   4.8897471e+00   1.4981336e+00
   5.8527176e+02   9.9976390e-01   5.6157177e-01   4.8872378e+00   1.4980882e+00
   5.8831657e+02   9.9975768e-01   5.6157942e-01   4.8845828e+00   1.4980400e+00
   5.9136138e+02   9.9975145e-01   5.6158707e-01   4.8819295e+00   1.4979917e+00
   5.9440619e+02   9.9974523e-01   5.6159472e-01   4.8792777e+00   1.4979434e+00
   5.9745100e+02   9.9973900e-01   5.6160236e-01   4.8766275e+00   1.4978949e+00
   6.0049581e+02   9.9973278e-01   5.6161001e-01   4.8739787e+00   1.4978465e+00
   6.0354062e+02   9.9972656e-01   5.6161765e-01   4.8713314e+00   1.4977979e+00
   6.0658543e+02   9.9972034e-01   5.6162530e-01   4.8686854e+00   1.4977493e+00
   6.0963024e+02   9.9971411e-01   5.6163294e-01   4.8660407e+00   1.4977007e+00
   6.1267505e+02   9.9970789e-01   5.6164059e-01   4.8633974e+00   1.4976519e+00
   6.1500202e+02   9.9970314e-01   5.6164643e-01   4.8613781e+00   1.4976147e+00
   6.1696360e+02   9.9969913e-01   5.6165135e-01   4.8596765e+00   1.4975832e+00
   6.1892518e+02   9.9969512e-01   5.6165628e-01   4.8579754e+00   1.4975518e+00
   6.2088676e+02   9.9969111e-01   5.6166120e-01   4.8562747e+00   1.4975203e+00
   6.2284834e+02   9.9968711e-01   5.6166612e-01   4.8545746e+00   1.4974888e+00
   6.2480991e+02   9.9968310e-01   5.6167105e-01   4.8528749e+00   1.4974572e+00
   6.2677149e+02   9.9967909e-01   5.6167597e-01   4.8511758e+00   1.4974257e+00
   6.2898389e+02   9.9967458e-01   5.6168152e-01   4.8492599e+00   1.4973901e+00
   6.3119628e+02   9.9967006e-01   5.6168707e-01   4.8473446e+00   1.4973545e+00
   6.3340868e+02   9.9966554e-01   5.6169263e-01   4.8454298e+00   1.4973188e+00
   6.3562107e+02   9.9966102e-01   5.6169818e-01   4.8435157e+00   1.4972832e+00
   6.3783347e+02   9.9965650e-01   5.6170373e-01   4.8416021e+00   1.4972475e+00
   6.4004586e+02   9.9965198e-01   5.6170928e-01   4.8396890e+00   1.4972118e+00
   6.4235939e+02   9.9964726e-01   5.6171509e-01   4.8376891e+00   1.4971744e+00
   6.4467291e+02   9.9964254e-01   5.6172089e-01   4.8356897e+00   1.4971371e+00
   6.4698644e+02   9.9963781e-01   5.6172669e-01   4.8336910e+00   1.4970997e+00
   6.4929997e+02   9.9963309e-01   5.6173250e-01   4.8316928e+00   1.4970622e+00
   6.5161349e+02   9.9962837e-01   5.6173830e-01   4.8296951e+00   1.4970248e+00
   6.5392702e+02   9.9962365e-01   5.6174411e-01   4.8276980e+00   1.4969873e+00
   6.5634621e+02   9.9961871e-01   5.6175017e-01   4.8256103e+00   1.4969482e+00
   6.5876540e+02   9.9961377e-01   5.6175624e-01   4.8235231e+00   1.4969090e+00
   6.6118458e+02   9.9960883e-01   5.6176231e-01   4.8214365e+00   1.4968697e+00
   6.6360377e+02   9.9960389e-01   5.6176838e-01   4.8193505e+00   1.4968305e+00
   6.6602296e+02   9.9959896e-01   5.6177444e-01   4.8172650e+00   1.4967912e+00
   6.6844215e+02   9.9959402e-01   5.6178051e-01   4.8151801e+00   1.4967520e+00
   6.7171688e+02   9.9958734e-01   5.6178872e-01   4.8123587e+00   1.4966988e+00
   6.7499161e+02   9.9958066e-01   5.6179693e-01   4.8095384e+00   1.4966455e+00
   6.7826635e+02   9.9957398e-01   5.6180514e-01   4.8067190e+00   1.4965923e+00
   6.8154108e+02   9.9956730e-01   5.6181335e-01   4.8039005e+00   1.4965390e+00
   6.8481581e+02   9.9956062e-01   5.6182156e-01   4.8010830e+00   1.4964857e+00
   6.8809055e+02   9.9955394e-01   5.6182977e-01   4.7982664e+00   1.4964324e+00
   6.9136528e+02   9.9954726e-01   5.6183798e-01   4.7954507e+00   1.4963790e+00
   6.9548688e+02   9.9953885e-01   5.6184831e-01   4.7919082e+00   1.4963118e+00
   6.9960849e+02   9.9953045e-01   5.6185864e-01   4.7883671e+00   1.4962446e+00
   7.0373009e+02   9.9952205e-01   5.6186897e-01   4.7848274e+00   1.4961773e+00
   7.0785169e+02   9.9951364e-01   5.6187930e-01   4.7812891e+00   1.4961100e+00
   7.1197330e+02   9.9950524e-01   5.6188963e-01   4.7777521e+00   1.4960427e+00
   7.1609490e+02   9.9949684e-01   5.6189995e-01   4.7742165e+00   1.4959753e+00
   7.2021651e+02   9.9948844e-01   5.6191028e-01   4.7706822e+00   1.4959079e+00
   7.2462928e+02   9.9947945e-01   5.6192133e-01   4.7668997e+00   1.4958357e+00
   7.2904205e+02   9.9947046e-01   5.6193239e-01   4.7631188e+00   1.4957635e+00
   7.3345482e+02   9.9946146e-01   5.6194344e-01   4.7593393e+00   1.4956913e+00
   7.3786759e+02   9.9945247e-01   5.6195449e-01   4.7555612e+00   1.4956190e+00
   7.4228036e+02   9.9944349e-01   5.6196554e-01   4.7517847e+00   1.4955467e+00
   7.4669313e+02   9.9943450e-01   5.6197659e-01   4.7480096e+00   1.4954743e+00
   7.5110590e+02   9.9942551e-01   5.6198764e-01   4.7442359e+00   1.4954019e+00
   7.5584077e+02   9.9941587e-01   5.6199949e-01   4.7401884e+00   1.4953242e+00
   7.6057564e+02   9.9940623e-01   5.6201134e-01   4.7361425e+00   1.4952465e+00
   7.6531050e+02   9.9939659e-01   5.6202319e-01   4.7320983e+00   1.4951688e+00
   7.7004537e+02   9.9938695e-01   5.6203504e-01   4.7280557e+00   1.4950910e+00
   7.7478023e+02   9.9937731e-01   5.6204689e-01   4.7240147e+00   1.4950131e+00
   7.7951510e+02   9.9936768e-01   5.6205874e-01   4.7199753e+00   1.4949353e+00
   7.8424997e+02   9.9935804e-01   5.6207059e-01   4.7159374e+00   1.4948574e+00
   7.8898483e+02   9.9934841e-01   5.6208243e-01   4.7119012e+00   1.4947795e+00
   7.9388434e+02   9.9933844e-01   5.6209469e-01   4.7077264e+00   1.4946989e+00
   7.9878384e+02   9.9932847e-01   5.6210694e-01   4.7035532e+00   1.4946182e+00
   8.0368335e+02   9.9931851e-01   5.6211920e-01   4.6993817e+00   1.4945375e+00
   8.0858286e+02   9.9930854e-01   5.6213145e-01   4.6952118e+00   1.4944567e+00
   8.1348236e+02   9.9929858e-01   5.6214370e-01   4.6910437e+00   1.4943760e+00
   8.1838187e+02   9.9928862e-01   5.6215595e-01   4.6868772e+00   1.4942952e+00
   8.2328137e+02   9.9927866e-01   5.6216820e-01   4.6827124e+00   1.4942143e+00
   8.2818088e+02   9.9926870e-01   5.6218045e-01   4.6785493e+00   1.4941335e+00
   8.3308039e+02   9.9925874e-01   5.6219269e-01   4.6743879e+00   1.4940526e+00
   8.3762212e+02   9.9924951e-01   5.6220404e-01   4.6705318e+00   1.4939776e+00
   8.4216386e+02   9.9924028e-01   5.6221539e-01   4.6666771e+00   1.4939026e+00
   8.4670560e+02   9.9923105e-01   5.6222674e-01   4.6628238e+00   1.4938275e+00
   8.5071925e+02   9.9922290e-01   5.6223677e-01   4.6594198e+00   1.4937612e+00
   8.5473290e+02   9.9921474e-01   5.6224680e-01   4.6560169e+00   1.4936948e+00
   8.5874655e+02   9.9920659e-01   5.6225683e-01   4.6526151e+00   1.4936284e+00
   8.6276020e+02   9.9919844e-01   5.6226685e-01   4.6492144e+00   1.4935620e+00
   8.6677386e+02   9.9919029e-01   5.6227688e-01   4.6458148e+00   1.4934956e+00
   8.7078751e+02   9.9918214e-01   5.6228690e-01   4.6424163e+00   1.4934292e+00
   8.7580681e+02   9.9917195e-01   5.6229944e-01   4.6381679e+00   1.4933461e+00
   8.8082612e+02   9.9916176e-01   5.6231197e-01   4.6339211e+00   1.4932630e+00
   8.8584542e+02   9.9915157e-01   5.6232450e-01   4.6296762e+00   1.4931798e+00
   8.9086472e+02   9.9914138e-01   5.6233703e-01   4.6254329e+00   1.4930966e+00
   8.9588403e+02   9.9913120e-01   5.6234956e-01   4.6211914e+00   1.4930134e+00
   9.0090333e+02   9.9912101e-01   5.6236209e-01   4.6169515e+00   1.4929302e+00
   9.0662022e+02   9.9910941e-01   5.6237636e-01   4.6121246e+00   1.4928353e+00
   9.1233710e+02   9.9909782e-01   5.6239062e-01   4.6072999e+00   1.4927404e+00
   9.1805399e+02   9.9908622e-01   5.6240489e-01   4.6024774e+00   1.4926455e+00
   9.2377087e+02   9.9907463e-01   5.6241915e-01   4.5976571e+00   1.4925506e+00
   9.2948776e+02   9.9906303e-01   5.6243341e-01   4.5928391e+00   1.4924556e+00
   9.3520464e+02   9.9905144e-01   5.6244767e-01   4.5880233e+00   1.4923606e+00
   9.4160764e+02   9.9903846e-01   5.6246364e-01   4.5826322e+00   1.4922541e+00
   9.4801063e+02   9.9902549e-01   5.6247961e-01   4.5772439e+00   1.4921476e+00
   9.5441362e+02   9.9901251e-01   5.6249557e-01   4.5718584e+00   1.4920411e+00
   9.6081661e+02   9.9899954e-01   5.6251153e-01   4.5664757e+00   1.4919345e+00
   9.6721960e+02   9.9898657e-01   5.6252749e-01   4.5610958e+00   1.4918278e+00
   9.7362259e+02   9.9897360e-01   5.6254345e-01   4.5557187e+00   1.4917211e+00
   9.8076763e+02   9.9895913e-01   5.6256126e-01   4.5497217e+00   1.4916020e+00
   9.8791268e+02   9.9894466e-01   5.6257906e-01   4.5437282e+00   1.4914829e+00
   9.9505772e+02   9.9893020e-01   5.6259686e-01   4.5377382e+00   1.4913637e+00
   1.0022028e+03   9.9891574e-01   5.6261465e-01   4.5317517e+00   1.4912444e+00
   1.0093478e+03   9.9890128e-01   5.6263245e-01   4.5257687e+00   1.4911251e+00
   1.0164928e+03   9.9888682e-01   5.6265024e-01   4.5197891e+00   1.4910057e+00
   1.0248407e+03   9.9886993e-01   5.6267102e-01   4.5128074e+00   1.4908662e+00
   1.0331885e+03   9.9885305e-01   5.6269180e-01   4.5058304e+00   1.4907266e+00
   1.0415363e+03   9.9883617e-01   5.6271258e-01   4.4988582e+00   1.4905870e+00
   1.0498842e+03   9.9881929e-01   5.6273335e-01   4.4918907e+00   1.4904472e+00
   1.0582320e+03   9.9880242e-01   5.6275412e-01   4.4849280e+00   1.4903074e+00
   1.0665798e+03   9.9878555e-01   5.6277488e-01   4.4779700e+00   1.4901675e+00
   1.0761188e+03   9.9876628e-01   5.6279860e-01   4.4700251e+00   1.4900076e+00
   1.0856578e+03   9.9874701e-01   5.6282232e-01   4.4620864e+00   1.4898475e+00
   1.0951967e+03   9.9872775e-01   5.6284604e-01   4.4541538e+00   1.4896874e+00
   1.1047357e+03   9.9870849e-01   5.6286974e-01   4.4462275e+00   1.4895272e+00
   1.1142746e+03   9.9868924e-01   5.6289345e-01   4.4383074e+00   1.4893669e+00
   1.1238136e+03   9.9866999e-01   5.6291715e-01   4.4303936e+00   1.4892065e+00
   1.1370683e+03   9.9864325e-01   5.6295007e-01   4.4194072e+00   1.4889835e+00
   1.1503231e+03   9.9861652e-01   5.6298298e-01   4.4084329e+00   1.4887603e+00
   1.1635778e+03   9.9858980e-01   5.6301588e-01   4.3974706e+00   1.4885369e+00
   1.1768326e+03   9.9856309e-01   5.6304878e-01   4.3865203e+00   1.4883133e+00
   1.1900873e+03   9.9853639e-01   5.6308166e-01   4.3755820e+00   1.4880895e+00
   1.2033421e+03   9.9850970e-01   5.6311454e-01   4.3646557e+00   1.4878656e+00
   1.2167514e+03   9.9848270e-01   5.6314779e-01   4.3536142e+00   1.4876389e+00
   1.2301608e+03   9.9845571e-01   5.6318102e-01   4.3425850e+00   1.4874120e+00
   1.2435701e+03   9.9842874e-01   5.6321425e-01   4.3315681e+00   1.4871850e+00
   1.2569794e+03   9.9840177e-01   5.6324747e-01   4.3205635e+00   1.4869577e+00
   1.2703888e+03   9.9837481e-01   5.6328068e-01   4.3095713e+00   1.4867303e+00
   1.2837981e+03   9.9834786e-01   5.6331388e-01   4.2985913e+00   1.4865027e+00
   1.2998943e+03   9.9831553e-01   5.6335372e-01   4.2854275e+00   1.4862292e+00
   1.3159904e+03   9.9828321e-01   5.6339355e-01   4.2722815e+00   1.4859555e+00
   1.3320866e+03   9.9825090e-01   5.6343336e-01   4.2591533e+00   1.4856816e+00
   1.3481827e+03   9.9821860e-01   5.6347315e-01   4.2460428e+00   1.4854074e+00
   1.3642789e+03   9.9818632e-01   5.6351294e-01   4.2329501e+00   1.4851329e+00
   1.3803750e+03   9.9815406e-01   5.6355270e-01   4.2198751e+00   1.4848583e+00
   1.3964712e+03   9.9812180e-01   5.6359246e-01   4.2068179e+00   1.4845833e+00
   1.4161633e+03   9.9808236e-01   5.6364107e-01   4.1908679e+00   1.4842466e+00
   1.4358554e+03   9.9804294e-01   5.6368967e-01   4.1749445e+00   1.4839095e+00
   1.4555475e+03   9.9800354e-01   5.6373824e-01   4.1590477e+00   1.4835721e+00
   1.4752396e+03   9.9796416e-01   5.6378679e-01   4.1431776e+00   1.4832343e+00
   1.4949317e+03   9.9792480e-01   5.6383532e-01   4.1273341e+00   1.4828961e+00
   1.5146238e+03   9.9788547e-01   5.6388383e-01   4.1115173e+00   1.4825576e+00
   1.5343159e+03   9.9784615e-01   5.6393231e-01   4.0957272e+00   1.4822187e+00
   1.5571108e+03   9.9780066e-01   5.6398841e-01   4.0774825e+00   1.4818260e+00
   1.5799056e+03   9.9775521e-01   5.6404448e-01   4.0592735e+00   1.4814327e+00
   1.6027005e+03   9.9770978e-01   5.6410052e-01   4.0411003e+00   1.4810391e+00
   1.6254954e+03   9.9766438e-01   5.6415653e-01   4.0229630e+00   1.4806449e+00
   1.6482903e+03   9.9761900e-01   5.6421251e-01   4.0048615e+00   1.4802503e+00
   1.6710851e+03   9.9757366e-01   5.6426846e-01   3.9867958e+00   1.4798552e+00
   1.6938800e+03   9.9752834e-01   5.6432438e-01   3.9687660e+00   1.4794597e+00
   1.7192319e+03   9.9747797e-01   5.6438654e-01   3.9487559e+00   1.4790192e+00
   1.7445838e+03   9.9742764e-01   5.6444866e-01   3.9287902e+00   1.4785782e+00
   1.7699357e+03   9.9737734e-01   5.6451075e-01   3.9088689e+00   1.4781367e+00
   1.7952876e+03   9.9732708e-01   5.6457280e-01   3.8889922e+00   1.4776946e+00
   1.8206395e+03   9.9727685e-01   5.6463481e-01   3.8691599e+00   1.4772519e+00
   1.8459914e+03   9.9722666e-01   5.6469678e-01   3.8493722e+00   1.4768087e+00
   1.8756075e+03   9.9716807e-01   5.6476913e-01   3.8263127e+00   1.4762903e+00
   1.9052236e+03   9.9710952e-01   5.6484143e-01   3.8033140e+00   1.4757711e+00
   1.9348397e+03   9.9705103e-01   5.6491368e-01   3.7803763e+00   1.4752512e+00
   1.9644558e+03   9.9699259e-01   5.6498588e-01   3.7574995e+00   1.4747307e+00
   1.9940719e+03   9.9693419e-01   5.6505802e-01   3.7346838e+00   1.4742094e+00
   2.0236880e+03   9.9687584e-01   5.6513011e-01   3.7119291e+00   1.4736874e+00
   2.0536004e+03   9.9681696e-01   5.6520288e-01   3.6890089e+00   1.4731595e+00
   2.0835128e+03   9.9675813e-01   5.6527558e-01   3.6661510e+00   1.4726309e+00
   2.1134252e+03   9.9669935e-01   5.6534824e-01   3.6433557e+00   1.4721016e+00
   2.1433376e+03   9.9664062e-01   5.6542084e-01   3.6206228e+00   1.4715717e+00
   2.1732500e+03   9.9658194e-01   5.6549339e-01   3.5979526e+00   1.4710410e+00
   2.2031624e+03   9.9652331e-01   5.6556588e-01   3.5753450e+00   1.4705098e+00
   2.2468895e+03   9.9643769e-01   5.6567176e-01   3.5424092e+00   1.4697319e+00
   2.2906166e+03   9.9635218e-01   5.6577752e-01   3.5096075e+00   1.4689528e+00
   2.3343437e+03   9.9626678e-01   5.6588316e-01   3.4769403e+00   1.4681723e+00
   2.3780707e+03   9.9618149e-01   5.6598869e-01   3.4444076e+00   1.4673904e+00
   2.4217978e+03   9.9609631e-01   5.6609410e-01   3.4120097e+00   1.4666074e+00
   2.4655249e+03   9.9601124e-01   5.6619940e-01   3.3797468e+00   1.4658230e+00
   2.5092519e+03   9.9592628e-01   5.6630457e-01   3.3476191e+00   1.4650375e+00
   2.5643162e+03   9.9581944e-01   5.6643685e-01   3.3073542e+00   1.4640465e+00
   2.6193805e+03   9.9571278e-01   5.6656894e-01   3.2673044e+00   1.4630538e+00
   2.6744447e+03   9.9560630e-01   5.6670083e-01   3.2274702e+00   1.4620593e+00
   2.7295090e+03   9.9549999e-01   5.6683254e-01   3.1878520e+00   1.4610630e+00
   2.7845733e+03   9.9539387e-01   5.6696406e-01   3.1484503e+00   1.4600652e+00
   2.8396375e+03   9.9528791e-01   5.6709538e-01   3.1092655e+00   1.4590657e+00
   2.8947018e+03   9.9518214e-01   5.6722651e-01   3.0702982e+00   1.4580648e+00
   2.9498624e+03   9.9507636e-01   5.6735768e-01   3.0314811e+00   1.4570606e+00
   3.0050230e+03   9.9497076e-01   5.6748865e-01   2.9928832e+00   1.4560551e+00
   3.0601835e+03   9.9486534e-01   5.6761942e-01   2.9545050e+00   1.4550482e+00
   3.1153441e+03   9.9476010e-01   5.6775000e-01   2.9163469e+00   1.4540401e+00
   3.1705047e+03   9.9465505e-01   5.6788038e-01   2.8784095e+00   1.4530308e+00
   3.2256652e+03   9.9455017e-01   5.6801057e-01   2.8406933e+00   1.4520203e+00
   3.2808258e+03   9.9444548e-01   5.6814055e-01   2.8031989e+00   1.4510089e+00
   3.3402339e+03   9.9433293e-01   5.6828032e-01   2.7630659e+00   1.4499184e+00
   3.3895956e+03   9.9423957e-01   5.6839628e-01   2.7299162e+00   1.4490116e+00
   3.4389574e+03   9.9414636e-01   5.6851208e-01   2.6969454e+00   1.4481041e+00
   3.4798052e+03   9.9406934e-01   5.6860779e-01   2.6697970e+00   1.4473526e+00
   3.5206529e+03   9.9399241e-01   5.6870338e-01   2.6427716e+00   1.4466008e+00
   3.5615007e+03   9.9391559e-01   5.6879886e-01   2.6158695e+00   1.4458486e+00
   3.6023484e+03   9.9383887e-01   5.6889424e-01   2.5890908e+00   1.4450960e+00
   3.6431962e+03   9.9376225e-01   5.6898950e-01   2.5624357e+00   1.4443432e+00
   3.6840440e+03   9.9368574e-01   5.6908465e-01   2.5359046e+00   1.4435901e+00
   3.7248917e+03   9.9360932e-01   5.6917969e-01   2.5094977e+00   1.4428368e+00
   3.7722070e+03   9.9352093e-01   5.6928963e-01   2.4790652e+00   1.4419639e+00
   3.8195222e+03   9.9343268e-01   5.6939943e-01   2.4488000e+00   1.4410908e+00
   3.8668375e+03   9.9334456e-01   5.6950908e-01   2.4187025e+00   1.4402175e+00
   3.9141527e+03   9.9325658e-01   5.6961857e-01   2.3887730e+00   1.4393441e+00
   3.9614680e+03   9.9316874e-01   5.6972792e-01   2.3590120e+00   1.4384706e+00
   4.0087832e+03   9.9308104e-01   5.6983711e-01   2.3294198e+00   1.4375971e+00
   4.0560985e+03   9.9299347e-01   5.6994616e-01   2.2999968e+00   1.4367236e+00
   4.1034310e+03   9.9290600e-01   5.7005509e-01   2.2707327e+00   1.4358498e+00
   4.1507636e+03   9.9281868e-01   5.7016387e-01   2.2416387e+00   1.4349762e+00
   4.1980962e+03   9.9273149e-01   5.7027250e-01   2.2127153e+00   1.4341027e+00
   4.2454288e+03   9.9264444e-01   5.7038097e-01   2.1839628e+00   1.4332294e+00
   4.2927613e+03   9.9255752e-01   5.7048930e-01   2.1553816e+00   1.4323565e+00
   4.3400939e+03   9.9247074e-01   5.7059747e-01   2.1269721e+00   1.4314838e+00
   4.3874265e+03   9.9238410e-01   5.7070549e-01   2.0987347e+00   1.4306115e+00
   4.4347590e+03   9.9229760e-01   5.7081335e-01   2.0706698e+00   1.4297397e+00
   4.4820916e+03   9.9221124e-01   5.7092106e-01   2.0427779e+00   1.4288683e+00
   4.5294242e+03   9.9212501e-01   5.7102862e-01   2.0150593e+00   1.4279974e+00
   4.5767568e+03   9.9203892e-01   5.7113603e-01   1.9875144e+00   1.4271272e+00
   4.6159709e+03   9.9196770e-01   5.7122490e-01   1.9648259e+00   1.4264067e+00
   4.6551850e+03   9.9189658e-01   5.7131367e-01   1.9422571e+00   1.4256866e+00
   4.6943992e+03   9.9182555e-01   5.7140232e-01   1.9198083e+00   1.4249671e+00
   4.7336133e+03   9.9175461e-01   5.7149088e-01   1.8974798e+00   1.4242481e+00
   4.7728275e+03   9.9168377e-01   5.7157933e-01   1.8752717e+00   1.4235296e+00
   4.8120416e+03   9.9161302e-01   5.7166767e-01   1.8531843e+00   1.4228117e+00
   4.8512558e+03   9.9154237e-01   5.7175591e-01   1.8312178e+00   1.4220945e+00
   4.9078582e+03   9.9144055e-01   5.7188309e-01   1.7997247e+00   1.4210603e+00
   4.9644607e+03   9.9133893e-01   5.7201005e-01   1.7684847e+00   1.4200276e+00
   5.0000000e+03   9.9127523e-01   5.7208965e-01   1.7489995e+00   1.4193800e+00
