   0.0000000e+00   1.0018866e+00   5.5896954e-01   1.4839891e+01   9.7565396e-01
   1.3719620e-05   1.0018866e+00   5.5896954e-01   1.4839891e+01   9.7565396e-01
   2.7439241e-05   1.0018866e+00   5.5896954e-01   1.4839891e+01   9.7565396e-01
   4.1158861e-05   1.0018866e+00   5.5896954e-01   1.4839891e+01   9.7565396e-01
   1.0344161e-04   1.0018866e+00   5.5896954e-01   1.4839891e+01   9.7565396e-01
   1.6572436e-04   1.0018866e+00   5.5896954e-01   1.4839891e+01   9.7565397e-01
   2.2800711e-04   1.0018866e+00   5.5896954e-01   1.4839891e+01   9.7565397e-01
   2.9028987e-04   1.0018866e+00   5.5896954e-01   1.4839891e+01   9.7565397e-01
   4.7446462e-04   1.0018866e+00   5.5896954e-01   1.4839891e+01   9.7565398e-01
   6.5863938e-04   1.0018866e+00   5.5896954e-01   1.4839891e+01   9.7565398e-01
   8.0862540e-04   1.0018866e+00   5.5896954e-01   1.4839891e+01   9.7565399e-01
   9.5861142e-04   1.0018866e+00   5.5896954e-01   1.4839891e+01   9.7565399e-01
   1.1085974e-03   1.0018866e+00   5.5896954e-01   1.4839891e+01   9.7565400e-01
   1.2585835e-03   1.0018866e+00   5.5896954e-01   1.4839891e+01   9.7565400e-01
   1.5824722e-03   1.0018866e+00   5.5896954e-01   1.4839891e+01   9.7565401e-01
   1.9063609e-03   1.0018866e+00   5.5896954e-01   1.4839891e+01   9.7565402e-01
   2.2302496e-03   1.0018866e+00   5.5896954e-01   1.4839891e+01   9.7565403e-01
   2.5541383e-03   1.0018866e+00   5.5896954e-01   1.4839891e+01   9.7565404e-01
   2.8780270e-03   1.0018866e+00   5.5896954e-01   1.4839891e+01   9.7565405e-01
   3.4034474e-03   1.0018866e+00   5.5896954e-01   1.4839891e+01   9.7565406e-01
   3.9288678e-03   1.0018866e+00   5.5896954e-01   1.4839891e+01   9.7565407e-01
   4.4542883e-03   1.0018866e+00   5.5896954e-01   1.4839891e+01   9.7565408e-01
   4.9797087e-03   1.0018866e+00   5.5896954e-01   1.4839891e+01   9.7565409e-01
   5.5051291e-03   1.0018866e+00   5.5896954e-01   1.4839891e+01   9.7565410e-01
   6.0305496e-03   1.0018866e+00   5.5896954e-01   1.4839891e+01   9.7565411e-01
   6.8652992e-03   1.0018866e+00   5.5896954e-01   1.4839891e+01   9.7565412e-01
   7.7000489e-03   1.0018866e+00   5.5896954e-01   1.4839891e+01   9.7565413e-01
   8.5347986e-03   1.0018866e+00   5.5896954e-01   1.4839891e+01   9.7565414e-01
   9.3695482e-03   1.0018866e+00   5.5896954e-01   1.4839891e+01   9.7565414e-01
   1.0204298e-02   1.0018866e+00   5.5896954e-01   1.4839891e+01   9.7565415e-01
   1.1039048e-02   1.0018866e+00   5.5896954e-01   1.4839891e+01   9.7565416e-01
   1.1873797e-02   1.0018866e+00   5.5896954e-01   1.4839891e+01   9.7565416e-01
   1.3003081e-02   1.0018866e+00   5.5896954e-01   1.4839891e+01   9.7565417e-01
   1.4132364e-02   1.0018866e+00   5.5896954e-01   1.4839891e+01   9.7565417e-01
   1.5261648e-02   1.0018866e+00   5.5896954e-01   1.4839891e+01   9.7565417e-01
   1.6390931e-02   1.0018866e+00   5.5896954e-01   1.4839891e+01   9.7565418e-01
   1.7520215e-02   1.0018866e+00   5.5896954e-01   1.4839891e+01   9.7565418e-01
   1.8649498e-02   1.0018866e+00   5.5896954e-01   1.4839891e+01   9.7565418e-01
   1.9778782e-02   1.0018866e+00   5.5896954e-01   1.4839891e+01   9.7565418e-01
   2.1098183e-02   1.0018866e+00   5.5896954e-01   1.4839891e+01   9.7565418e-01
   2.2417584e-02   1.0018866e+00   5.5896954e-01   1.4839891e+01   9.7565419e-01
   2.3736985e-02   1.0018866e+00   5.5896954e-01   1.4839891e+01   9.7565419e-01
   2.5056386e-02   1.0018866e+00   5.5896954e-01   1.4839891e+01   9.7565419e-01
   2.6375787e-02   1.0018866e+00   5.5896954e-01   1.4839891e+01   9.7565419e-01
   2.7695189e-02   1.0018866e+00   5.5896954e-01   1.4839891e+01   9.7565419e-01
   2.9014590e-02   1.0018866e+00   5.5896954e-01   1.4839891e+01   9.7565419e-01
   3.0703553e-02   1.0018866e+00   5.5896954e-01   1.4839891e+01   9.7565419e-01
   3.2392517e-02   1.0018866e+00   5.5896954e-01   1.4839891e+01   9.7565419e-01
   3.4081480e-02   1.0018866e+00   5.5896954e-01   1.4839891e+01   9.7565419e-01
   3.5770443e-02   1.0018866e+00   5.5896954e-01   1.4839891e+01   9.7565419e-01
   3.7459407e-02   1.0018866e+00   5.5896954e-01   1.4839891e+01   9.7565419e-01
   3.9148370e-02   1.0018866e+00   5.5896954e-01   1.4839891e+01   9.7565419e-01
   4.0837334e-02   1.0018866e+00   5.5896954e-01   1.4839891e+01   9.7565419e-01
   4.3113446e-02   1.0018866e+00   5.5896954e-01   1.4839891e+01   9.7565419e-01
   4.5389559e-02   1.0018866e+00   5.5896954e-01   1.4839891e+01   9.7565419e-01
   4.7665671e-02   1.0018866e+00   5.5896954e-01   1.4839891e+01   9.7565419e-01
   4.9941784e-02   1.0018866e+00   5.5896954e-01   1.4839891e+01   9.7565419e-01
   5.2217896e-02   1.0018866e+00   5.5896954e-01   1.4839891e+01   9.7565419e-01
   5.4494009e-02   1.0018866e+00   5.5896954e-01   1.4839891e+01   9.7565419e-01
   5.6770121e-02   1.0018866e+00   5.5896954e-01   1.4839891e+01   9.7565419e-01
   6.0103303e-02   1.0018866e+00   5.5896954e-01   1.4839891e+01   9.7565419e-01
   6.3436485e-02   1.0018866e+00   5.5896954e-01   1.4839891e+01   9.7565419e-01
   6.6769666e-02   1.0018866e+00   5.5896954e-01   1.4839891e+01   9.7565419e-01
   7.0102848e-02   1.0018866e+00   5.5896954e-01   1.4839891e+01   9.7565419e-01
   7.3436030e-02   1.0018866e+00   5.5896954e-01   1.4839891e+01   9.7565419e-01
   7.6769211e-02   1.0018866e+00   5.5896954e-01   1.4839891e+01   9.7565419e-01
   8.0102393e-02   1.0018866e+00   5.5896954e-01   1.4839891e+01   9.7565419e-01
   8.6718062e-02   1.0018866e+00   5.5896954e-01   1.4839891e+01   9.7565419e-01
   9.3333732e-02   1.0018866e+00   5.5896954e-01   1.4839891e+01   9.7565419e-01
   9.9949401e-02   1.0018866e+00   5.5896954e-01   1.4839891e+01   9.7565419e-01
   1.0656507e-01   1.0018866e+00   5.5896954e-01   1.4839891e+01   9.7565419e-01
   1.1318074e-01   1.0018866e+00   5.5896954e-01   1.4839891e+01   9.7565419e-01
   1.1979641e-01   1.0018866e+00   5.5896954e-01   1.4839891e+01   9.7565419e-01
   1.4080681e-01   1.0018866e+00   5.5896954e-01   1.4839891e+01   9.7565420e-01
   1.6181721e-01   1.0018866e+00   5.5896954e-01   1.4839891e+01   9.7565420e-01
   1.8282761e-01   1.0018866e+00   5.5896954e-01   1.4839891e+01   9.7565420e-01
   2.0383800e-01   1.0018866e+00   5.5896954e-01   1.4839892e+01   9.7565420e-01
   2.2484840e-01   1.0018866e+00   5.5896954e-01   1.4839892e+01   9.7565420e-01
   3.4589552e-01   1.0018866e+00   5.5896954e-01   1.4839892e+01   9.7565420e-01
   4.6694263e-01   1.0018866e+00   5.5896954e-01   1.4839892e+01   9.7565421e-01
   5.8798975e-01   1.0018866e+00   5.5896954e-01   1.4839893e+01   9.7565421e-01
   7.0903686e-01   1.0018866e+00   5.5896954e-01   1.4839893e+01   9.7565422e-01
   1.3625180e+00   1.0018866e+00   5.5896954e-01   1.4839895e+01   9.7565424e-01
   2.0159992e+00   1.0018866e+00   5.5896953e-01   1.4839896e+01   9.7565427e-01
   2.6694804e+00   1.0018866e+00   5.5896953e-01   1.4839898e+01   9.7565429e-01
   3.3229616e+00   1.0018866e+00   5.5896953e-01   1.4839900e+01   9.7565432e-01
   5.3474971e+00   1.0018866e+00   5.5896953e-01   1.4839905e+01   9.7565440e-01
   7.3720325e+00   1.0018866e+00   5.5896952e-01   1.4839910e+01   9.7565448e-01
   9.3965680e+00   1.0018866e+00   5.5896951e-01   1.4839916e+01   9.7565455e-01
   1.1421103e+01   1.0018866e+00   5.5896951e-01   1.4839921e+01   9.7565463e-01
   1.3445639e+01   1.0018866e+00   5.5896950e-01   1.4839926e+01   9.7565471e-01
   1.8187690e+01   1.0018866e+00   5.5896949e-01   1.4839938e+01   9.7565490e-01
   2.2929741e+01   1.0018867e+00   5.5896948e-01   1.4839951e+01   9.7565508e-01
   2.7671793e+01   1.0018867e+00   5.5896946e-01   1.4839963e+01   9.7565527e-01
   3.2413844e+01   1.0018867e+00   5.5896945e-01   1.4839975e+01   9.7565546e-01
   3.7155895e+01   1.0018867e+00   5.5896944e-01   1.4839988e+01   9.7565565e-01
   4.1897946e+01   1.0018867e+00   5.5896943e-01   1.4840000e+01   9.7565583e-01
   5.0044394e+01   1.0018867e+00   5.5896940e-01   1.4840021e+01   9.7565616e-01
   5.8190843e+01   1.0018867e+00   5.5896938e-01   1.4840042e+01   9.7565648e-01
   6.6337291e+01   1.0018867e+00   5.5896936e-01   1.4840063e+01   9.7565681e-01
   7.4483739e+01   1.0018868e+00   5.5896934e-01   1.4840084e+01   9.7565714e-01
   8.2630187e+01   1.0018868e+00   5.5896931e-01   1.4840105e+01   9.7565746e-01
   9.0776635e+01   1.0018868e+00   5.5896929e-01   1.4840125e+01   9.7565779e-01
   9.9986466e+01   1.0018868e+00   5.5896927e-01   1.4840149e+01   9.7565816e-01
   1.0919630e+02   1.0018868e+00   5.5896924e-01   1.4840173e+01   9.7565854e-01
   1.1840613e+02   1.0018869e+00   5.5896922e-01   1.4840196e+01   9.7565891e-01
   1.2761596e+02   1.0018869e+00   5.5896919e-01   1.4840220e+01   9.7565928e-01
   1.3682579e+02   1.0018869e+00   5.5896917e-01   1.4840243e+01   9.7565965e-01
   1.4603562e+02   1.0018869e+00   5.5896914e-01   1.4840266e+01   9.7566003e-01
   1.5524545e+02   1.0018869e+00   5.5896912e-01   1.4840290e+01   9.7566040e-01
   1.6854293e+02   1.0018870e+00   5.5896908e-01   1.4840324e+01   9.7566094e-01
   1.8184041e+02   1.0018870e+00   5.5896904e-01   1.4840357e+01   9.7566148e-01
   1.9513789e+02   1.0018870e+00   5.5896901e-01   1.4840391e+01   9.7566202e-01
   2.0843537e+02   1.0018871e+00   5.5896897e-01   1.4840425e+01   9.7566256e-01
   2.2173285e+02   1.0018871e+00   5.5896894e-01   1.4840458e+01   9.7566310e-01
   2.3503033e+02   1.0018871e+00   5.5896890e-01   1.4840492e+01   9.7566363e-01
   2.4832781e+02   1.0018872e+00   5.5896886e-01   1.4840526e+01   9.7566417e-01
   2.6432774e+02   1.0018872e+00   5.5896882e-01   1.4840566e+01   9.7566482e-01
   2.8032766e+02   1.0018872e+00   5.5896878e-01   1.4840606e+01   9.7566547e-01
   2.9632759e+02   1.0018873e+00   5.5896873e-01   1.4840646e+01   9.7566611e-01
   3.1232751e+02   1.0018873e+00   5.5896869e-01   1.4840687e+01   9.7566676e-01
   3.2832744e+02   1.0018873e+00   5.5896865e-01   1.4840727e+01   9.7566740e-01
   3.4432736e+02   1.0018874e+00   5.5896861e-01   1.4840767e+01   9.7566805e-01
   3.6032729e+02   1.0018874e+00   5.5896856e-01   1.4840807e+01   9.7566869e-01
   3.8123183e+02   1.0018874e+00   5.5896851e-01   1.4840859e+01   9.7566953e-01
   4.0213637e+02   1.0018875e+00   5.5896845e-01   1.4840911e+01   9.7567037e-01
   4.2304091e+02   1.0018875e+00   5.5896839e-01   1.4840963e+01   9.7567120e-01
   4.4394545e+02   1.0018876e+00   5.5896834e-01   1.4841015e+01   9.7567204e-01
   4.6484999e+02   1.0018876e+00   5.5896828e-01   1.4841067e+01   9.7567287e-01
   4.8575453e+02   1.0018877e+00   5.5896823e-01   1.4841119e+01   9.7567371e-01
   5.0665907e+02   1.0018877e+00   5.5896817e-01   1.4841171e+01   9.7567454e-01
   5.3540271e+02   1.0018878e+00   5.5896810e-01   1.4841242e+01   9.7567568e-01
   5.6414636e+02   1.0018878e+00   5.5896802e-01   1.4841313e+01   9.7567682e-01
   5.9289000e+02   1.0018879e+00   5.5896794e-01   1.4841384e+01   9.7567796e-01
   6.2163364e+02   1.0018880e+00   5.5896787e-01   1.4841455e+01   9.7567909e-01
   6.5037728e+02   1.0018880e+00   5.5896779e-01   1.4841525e+01   9.7568023e-01
   6.7912093e+02   1.0018881e+00   5.5896772e-01   1.4841595e+01   9.7568136e-01
   7.0786457e+02   1.0018882e+00   5.5896764e-01   1.4841666e+01   9.7568249e-01
   7.5437661e+02   1.0018883e+00   5.5896752e-01   1.4841779e+01   9.7568431e-01
   8.0088864e+02   1.0018883e+00   5.5896740e-01   1.4841892e+01   9.7568612e-01
   8.4740068e+02   1.0018884e+00   5.5896728e-01   1.4842005e+01   9.7568793e-01
   8.9391272e+02   1.0018885e+00   5.5896716e-01   1.4842117e+01   9.7568974e-01
   9.4042476e+02   1.0018886e+00   5.5896704e-01   1.4842229e+01   9.7569153e-01
   9.8693680e+02   1.0018887e+00   5.5896692e-01   1.4842340e+01   9.7569332e-01
   1.1180763e+03   1.0018890e+00   5.5896659e-01   1.4842653e+01   9.7569834e-01
   1.2492158e+03   1.0018893e+00   5.5896625e-01   1.4842962e+01   9.7570332e-01
   1.3803554e+03   1.0018896e+00   5.5896593e-01   1.4843269e+01   9.7570825e-01
   1.5114949e+03   1.0018898e+00   5.5896560e-01   1.4843573e+01   9.7571313e-01
   1.6426344e+03   1.0018901e+00   5.5896528e-01   1.4843874e+01   9.7571796e-01
   1.7737739e+03   1.0018903e+00   5.5896496e-01   1.4844172e+01   9.7572276e-01
   2.0274124e+03   1.0018908e+00   5.5896435e-01   1.4844742e+01   9.7573190e-01
   2.2810508e+03   1.0018913e+00   5.5896375e-01   1.4845301e+01   9.7574089e-01
   2.5346892e+03   1.0018918e+00   5.5896316e-01   1.4845850e+01   9.7574971e-01
   2.7883277e+03   1.0018923e+00   5.5896258e-01   1.4846390e+01   9.7575838e-01
   3.0419661e+03   1.0018928e+00   5.5896202e-01   1.4846920e+01   9.7576689e-01
   3.2956045e+03   1.0018932e+00   5.5896146e-01   1.4847441e+01   9.7577525e-01
   3.6088059e+03   1.0018938e+00   5.5896078e-01   1.4848071e+01   9.7578538e-01
   3.9220073e+03   1.0018943e+00   5.5896012e-01   1.4848687e+01   9.7579528e-01
   4.2352087e+03   1.0018948e+00   5.5895948e-01   1.4849290e+01   9.7580496e-01
   4.5484101e+03   1.0018953e+00   5.5895884e-01   1.4849880e+01   9.7581444e-01
   4.8616115e+03   1.0018958e+00   5.5895823e-01   1.4850458e+01   9.7582370e-01
   5.1748129e+03   1.0018963e+00   5.5895762e-01   1.4851022e+01   9.7583277e-01
   5.4880143e+03   1.0018968e+00   5.5895703e-01   1.4851574e+01   9.7584163e-01
   5.9408240e+03   1.0018975e+00   5.5895620e-01   1.4852351e+01   9.7585411e-01
   6.3936338e+03   1.0018982e+00   5.5895539e-01   1.4853104e+01   9.7586620e-01
   6.8464435e+03   1.0018988e+00   5.5895461e-01   1.4853833e+01   9.7587790e-01
   7.2992533e+03   1.0018994e+00   5.5895386e-01   1.4854540e+01   9.7588924e-01
   7.7520630e+03   1.0019000e+00   5.5895312e-01   1.4855224e+01   9.7590023e-01
   8.2048728e+03   1.0019006e+00   5.5895241e-01   1.4855887e+01   9.7591086e-01
   8.6576825e+03   1.0019012e+00   5.5895173e-01   1.4856529e+01   9.7592117e-01
   9.1287138e+03   1.0019017e+00   5.5895103e-01   1.4857175e+01   9.7593155e-01
   9.5997450e+03   1.0019023e+00   5.5895036e-01   1.4857800e+01   9.7594158e-01
   1.0070776e+04   1.0019028e+00   5.5894972e-01   1.4858405e+01   9.7595129e-01
   1.0541807e+04   1.0019033e+00   5.5894909e-01   1.4858991e+01   9.7596069e-01
   1.1012839e+04   1.0019038e+00   5.5894848e-01   1.4859557e+01   9.7596977e-01
   1.1483870e+04   1.0019043e+00   5.5894790e-01   1.4860105e+01   9.7597856e-01
   1.1954901e+04   1.0019048e+00   5.5894733e-01   1.4860634e+01   9.7598707e-01
   1.2446087e+04   1.0019052e+00   5.5894676e-01   1.4861169e+01   9.7599564e-01
   1.2937272e+04   1.0019057e+00   5.5894621e-01   1.4861685e+01   9.7600392e-01
   1.3428458e+04   1.0019061e+00   5.5894567e-01   1.4862183e+01   9.7601192e-01
   1.3919643e+04   1.0019065e+00   5.5894516e-01   1.4862665e+01   9.7601964e-01
   1.4410828e+04   1.0019069e+00   5.5894466e-01   1.4863130e+01   9.7602711e-01
   1.4902014e+04   1.0019073e+00   5.5894418e-01   1.4863579e+01   9.7603432e-01
   1.5393199e+04   1.0019077e+00   5.5894371e-01   1.4864014e+01   9.7604128e-01
   1.5904153e+04   1.0019081e+00   5.5894325e-01   1.4864450e+01   9.7604828e-01
   1.6415107e+04   1.0019085e+00   5.5894280e-01   1.4864870e+01   9.7605503e-01
   1.6926062e+04   1.0019088e+00   5.5894236e-01   1.4865276e+01   9.7606154e-01
   1.7437016e+04   1.0019092e+00   5.5894194e-01   1.4865668e+01   9.7606782e-01
   1.7947970e+04   1.0019095e+00   5.5894154e-01   1.4866045e+01   9.7607388e-01
   1.8458924e+04   1.0019098e+00   5.5894115e-01   1.4866409e+01   9.7607972e-01
   1.8969878e+04   1.0019101e+00   5.5894077e-01   1.4866761e+01   9.7608536e-01
   1.9510181e+04   1.0019104e+00   5.5894039e-01   1.4867119e+01   9.7609110e-01
   2.0050485e+04   1.0019107e+00   5.5894002e-01   1.4867464e+01   9.7609663e-01
   2.0590788e+04   1.0019110e+00   5.5893966e-01   1.4867796e+01   9.7610196e-01
   2.1131092e+04   1.0019113e+00   5.5893932e-01   1.4868115e+01   9.7610708e-01
   2.1671395e+04   1.0019116e+00   5.5893899e-01   1.4868423e+01   9.7611202e-01
   2.2211699e+04   1.0019118e+00   5.5893867e-01   1.4868719e+01   9.7611677e-01
   2.2752002e+04   1.0019121e+00   5.5893837e-01   1.4869004e+01   9.7612134e-01
   2.3304538e+04   1.0019123e+00   5.5893807e-01   1.4869285e+01   9.7612584e-01
   2.3857074e+04   1.0019126e+00   5.5893778e-01   1.4869555e+01   9.7613017e-01
   2.4409611e+04   1.0019128e+00   5.5893750e-01   1.4869815e+01   9.7613433e-01
   2.4962147e+04   1.0019130e+00   5.5893724e-01   1.4870064e+01   9.7613834e-01
   2.5514683e+04   1.0019132e+00   5.5893698e-01   1.4870304e+01   9.7614219e-01
   2.6067219e+04   1.0019134e+00   5.5893673e-01   1.4870536e+01   9.7614590e-01
   2.6619755e+04   1.0019136e+00   5.5893649e-01   1.4870758e+01   9.7614946e-01
   2.7197105e+04   1.0019138e+00   5.5893625e-01   1.4870981e+01   9.7615304e-01
   2.7774455e+04   1.0019140e+00   5.5893602e-01   1.4871195e+01   9.7615648e-01
   2.8351805e+04   1.0019142e+00   5.5893580e-01   1.4871401e+01   9.7615978e-01
   2.8929155e+04   1.0019144e+00   5.5893559e-01   1.4871599e+01   9.7616295e-01
   2.9506505e+04   1.0019145e+00   5.5893539e-01   1.4871788e+01   9.7616599e-01
   3.0083855e+04   1.0019147e+00   5.5893519e-01   1.4871971e+01   9.7616891e-01
   3.0661205e+04   1.0019148e+00   5.5893501e-01   1.4872146e+01   9.7617171e-01
   3.1266439e+04   1.0019150e+00   5.5893482e-01   1.4872322e+01   9.7617454e-01
   3.1871674e+04   1.0019151e+00   5.5893464e-01   1.4872490e+01   9.7617724e-01
   3.2476908e+04   1.0019153e+00   5.5893447e-01   1.4872652e+01   9.7617983e-01
   3.3082143e+04   1.0019154e+00   5.5893430e-01   1.4872807e+01   9.7618231e-01
   3.3687378e+04   1.0019155e+00   5.5893414e-01   1.4872955e+01   9.7618469e-01
   3.4292612e+04   1.0019157e+00   5.5893399e-01   1.4873097e+01   9.7618697e-01
   3.4897847e+04   1.0019158e+00   5.5893384e-01   1.4873233e+01   9.7618916e-01
   3.5541781e+04   1.0019159e+00   5.5893369e-01   1.4873372e+01   9.7619138e-01
   3.6185715e+04   1.0019160e+00   5.5893355e-01   1.4873505e+01   9.7619351e-01
   3.6829649e+04   1.0019161e+00   5.5893342e-01   1.4873632e+01   9.7619554e-01
   3.7473583e+04   1.0019162e+00   5.5893329e-01   1.4873753e+01   9.7619748e-01
   3.8117517e+04   1.0019163e+00   5.5893316e-01   1.4873868e+01   9.7619934e-01
   3.8761451e+04   1.0019164e+00   5.5893305e-01   1.4873979e+01   9.7620111e-01
   3.9405386e+04   1.0019165e+00   5.5893293e-01   1.4874085e+01   9.7620281e-01
   4.0078451e+04   1.0019166e+00   5.5893282e-01   1.4874190e+01   9.7620450e-01
   4.0751517e+04   1.0019167e+00   5.5893271e-01   1.4874291e+01   9.7620612e-01
   4.1424583e+04   1.0019168e+00   5.5893261e-01   1.4874387e+01   9.7620765e-01
   4.2097648e+04   1.0019169e+00   5.5893251e-01   1.4874479e+01   9.7620912e-01
   4.2770714e+04   1.0019169e+00   5.5893242e-01   1.4874566e+01   9.7621052e-01
   4.3443780e+04   1.0019170e+00   5.5893233e-01   1.4874649e+01   9.7621186e-01
   4.4116845e+04   1.0019171e+00   5.5893224e-01   1.4874729e+01   9.7621313e-01
   4.4832991e+04   1.0019172e+00   5.5893216e-01   1.4874809e+01   9.7621442e-01
   4.5549136e+04   1.0019172e+00   5.5893207e-01   1.4874886e+01   9.7621565e-01
   4.6265282e+04   1.0019173e+00   5.5893200e-01   1.4874959e+01   9.7621682e-01
   4.6981428e+04   1.0019174e+00   5.5893192e-01   1.4875028e+01   9.7621793e-01
   4.7697573e+04   1.0019174e+00   5.5893185e-01   1.4875094e+01   9.7621898e-01
   4.8413719e+04   1.0019175e+00   5.5893179e-01   1.4875156e+01   9.7621999e-01
   4.9129865e+04   1.0019175e+00   5.5893172e-01   1.4875216e+01   9.7622094e-01
   4.9879417e+04   1.0019176e+00   5.5893166e-01   1.4875275e+01   9.7622189e-01
   5.0000000e+04   1.0019176e+00   5.5893165e-01   1.4875284e+01   9.7622204e-01
