   0.0000000e+00   1.0018866e+00   5.5896954e-01   1.4839891e+01   9.7565396e-01
   1.4479423e-03   1.0018866e+00   5.5896954e-01   1.4839891e+01   9.7565396e-01
   2.8958846e-03   1.0018866e+00   5.5896954e-01   1.4839891e+01   9.7565396e-01
   4.3438268e-03   1.0018866e+00   5.5896954e-01   1.4839891e+01   9.7565396e-01
   1.0933167e-02   1.0018866e+00   5.5896954e-01   1.4839891e+01   9.7565396e-01
   1.7522507e-02   1.0018866e+00   5.5896954e-01   1.4839891e+01   9.7565397e-01
   2.4111847e-02   1.0018866e+00   5.5896954e-01   1.4839891e+01   9.7565397e-01
   3.0701187e-02   1.0018866e+00   5.5896954e-01   1.4839891e+01   9.7565397e-01
   4.9542451e-02   1.0018866e+00   5.5896954e-01   1.4839891e+01   9.7565398e-01
   6.8383715e-02   1.0018866e+00   5.5896954e-01   1.4839891e+01   9.7565399e-01
   8.3979240e-02   1.0018866e+00   5.5896954e-01   1.4839891e+01   9.7565399e-01
   9.9574764e-02   1.0018866e+00   5.5896954e-01   1.4839891e+01   9.7565400e-01
   1.1517029e-01   1.0018866e+00   5.5896954e-01   1.4839891e+01   9.7565400e-01
   1.3076581e-01   1.0018866e+00   5.5896954e-01   1.4839891e+01   9.7565401e-01
   1.6442251e-01   1.0018866e+00   5.5896954e-01   1.4839891e+01   9.7565402e-01
   1.9807921e-01   1.0018866e+00   5.5896954e-01   1.4839892e+01   9.7565403e-01
   2.3173590e-01   1.0018866e+00   5.5896954e-01   1.4839892e+01   9.7565404e-01
   2.6539260e-01   1.0018866e+00   5.5896954e-01   1.4839892e+01   9.7565405e-01
   2.9904929e-01   1.0018866e+00   5.5896954e-01   1.4839892e+01   9.7565406e-01
   3.5311753e-01   1.0018866e+00   5.5896954e-01   1.4839892e+01   9.7565407e-01
   4.0718578e-01   1.0018866e+00   5.5896954e-01   1.4839892e+01   9.7565408e-01
   4.6125402e-01   1.0018866e+00   5.5896954e-01   1.4839892e+01   9.7565409e-01
   5.1532226e-01   1.0018866e+00   5.5896954e-01   1.4839892e+01   9.7565410e-01
   5.6939050e-01   1.0018866e+00   5.5896954e-01   1.4839892e+01   9.7565411e-01
   6.2345875e-01   1.0018866e+00   5.5896954e-01   1.4839893e+01   9.7565412e-01
   7.0912941e-01   1.0018866e+00   5.5896954e-01   1.4839893e+01   9.7565413e-01
   7.9480007e-01   1.0018866e+00   5.5896954e-01   1.4839893e+01   9.7565415e-01
   8.8047073e-01   1.0018866e+00   5.5896954e-01   1.4839893e+01   9.7565416e-01
   9.6614139e-01   1.0018866e+00   5.5896954e-01   1.4839893e+01   9.7565417e-01
   1.0518121e+00   1.0018866e+00   5.5896954e-01   1.4839894e+01   9.7565418e-01
   1.1374827e+00   1.0018866e+00   5.5896954e-01   1.4839894e+01   9.7565418e-01
   1.2231534e+00   1.0018866e+00   5.5896954e-01   1.4839894e+01   9.7565419e-01
   1.3390954e+00   1.0018866e+00   5.5896954e-01   1.4839894e+01   9.7565420e-01
   1.4550374e+00   1.0018866e+00   5.5896954e-01   1.4839895e+01   9.7565421e-01
   1.5709794e+00   1.0018866e+00   5.5896954e-01   1.4839895e+01   9.7565422e-01
   1.6869214e+00   1.0018866e+00   5.5896954e-01   1.4839895e+01   9.7565422e-01
   1.8028634e+00   1.0018866e+00   5.5896954e-01   1.4839896e+01   9.7565423e-01
   1.9188054e+00   1.0018866e+00   5.5896953e-01   1.4839896e+01   9.7565424e-01
   2.0347474e+00   1.0018866e+00   5.5896953e-01   1.4839896e+01   9.7565424e-01
   2.1710499e+00   1.0018866e+00   5.5896953e-01   1.4839897e+01   9.7565425e-01
   2.3073523e+00   1.0018866e+00   5.5896953e-01   1.4839897e+01   9.7565426e-01
   2.4436548e+00   1.0018866e+00   5.5896953e-01   1.4839897e+01   9.7565426e-01
   2.5799572e+00   1.0018866e+00   5.5896953e-01   1.4839898e+01   9.7565427e-01
   2.7162596e+00   1.0018866e+00   5.5896953e-01   1.4839898e+01   9.7565427e-01
   2.8525621e+00   1.0018866e+00   5.5896953e-01   1.4839898e+01   9.7565428e-01
   2.9888645e+00   1.0018866e+00   5.5896953e-01   1.4839899e+01   9.7565428e-01
   3.1645193e+00   1.0018866e+00   5.5896953e-01   1.4839899e+01   9.7565429e-01
   3.3401740e+00   1.0018866e+00   5.5896953e-01   1.4839900e+01   9.7565430e-01
   3.5158287e+00   1.0018866e+00   5.5896953e-01   1.4839900e+01   9.7565431e-01
   3.6914834e+00   1.0018866e+00   5.5896953e-01   1.4839901e+01   9.7565431e-01
   3.8671381e+00   1.0018866e+00   5.5896953e-01   1.4839901e+01   9.7565432e-01
   4.0427929e+00   1.0018866e+00   5.5896953e-01   1.4839902e+01   9.7565433e-01
   4.2184476e+00   1.0018866e+00   5.5896953e-01   1.4839902e+01   9.7565433e-01
   4.4572010e+00   1.0018866e+00   5.5896953e-01   1.4839903e+01   9.7565434e-01
   4.6959545e+00   1.0018866e+00   5.5896953e-01   1.4839903e+01   9.7565435e-01
   4.9347079e+00   1.0018866e+00   5.5896953e-01   1.4839904e+01   9.7565436e-01
   5.1734614e+00   1.0018866e+00   5.5896953e-01   1.4839904e+01   9.7565437e-01
   5.4122148e+00   1.0018866e+00   5.5896953e-01   1.4839905e+01   9.7565438e-01
   5.6509683e+00   1.0018866e+00   5.5896952e-01   1.4839906e+01   9.7565439e-01
   5.8897217e+00   1.0018866e+00   5.5896952e-01   1.4839906e+01   9.7565440e-01
   6.2497749e+00   1.0018866e+00   5.5896952e-01   1.4839907e+01   9.7565441e-01
   6.6098280e+00   1.0018866e+00   5.5896952e-01   1.4839908e+01   9.7565443e-01
   6.9698812e+00   1.0018866e+00   5.5896952e-01   1.4839909e+01   9.7565444e-01
   7.3299343e+00   1.0018866e+00   5.5896952e-01   1.4839910e+01   9.7565446e-01
   7.6899875e+00   1.0018866e+00   5.5896952e-01   1.4839911e+01   9.7565447e-01
   8.0500406e+00   1.0018866e+00   5.5896952e-01   1.4839912e+01   9.7565448e-01
   8.9900561e+00   1.0018866e+00   5.5896952e-01   1.4839914e+01   9.7565452e-01
   9.9300717e+00   1.0018866e+00   5.5896951e-01   1.4839917e+01   9.7565456e-01
   1.0870087e+01   1.0018866e+00   5.5896951e-01   1.4839919e+01   9.7565459e-01
   1.1810103e+01   1.0018866e+00   5.5896951e-01   1.4839922e+01   9.7565463e-01
   1.2750118e+01   1.0018866e+00   5.5896950e-01   1.4839924e+01   9.7565467e-01
   1.3690134e+01   1.0018866e+00   5.5896950e-01   1.4839927e+01   9.7565470e-01
   1.5544877e+01   1.0018866e+00   5.5896950e-01   1.4839931e+01   9.7565478e-01
   1.7399621e+01   1.0018866e+00   5.5896949e-01   1.4839936e+01   9.7565485e-01
   1.9254364e+01   1.0018866e+00   5.5896949e-01   1.4839941e+01   9.7565492e-01
   2.1109108e+01   1.0018866e+00   5.5896948e-01   1.4839946e+01   9.7565500e-01
   2.2963851e+01   1.0018867e+00   5.5896948e-01   1.4839951e+01   9.7565507e-01
   2.4818595e+01   1.0018867e+00   5.5896947e-01   1.4839955e+01   9.7565514e-01
   2.8788970e+01   1.0018867e+00   5.5896946e-01   1.4839966e+01   9.7565530e-01
   3.2759345e+01   1.0018867e+00   5.5896945e-01   1.4839976e+01   9.7565546e-01
   3.6729719e+01   1.0018867e+00   5.5896944e-01   1.4839986e+01   9.7565561e-01
   4.0700094e+01   1.0018867e+00   5.5896943e-01   1.4839997e+01   9.7565577e-01
   4.4670469e+01   1.0018867e+00   5.5896942e-01   1.4840007e+01   9.7565593e-01
   5.1077534e+01   1.0018867e+00   5.5896940e-01   1.4840023e+01   9.7565619e-01
   5.7484599e+01   1.0018867e+00   5.5896938e-01   1.4840040e+01   9.7565644e-01
   6.3891665e+01   1.0018867e+00   5.5896936e-01   1.4840056e+01   9.7565670e-01
   7.0298730e+01   1.0018868e+00   5.5896935e-01   1.4840073e+01   9.7565696e-01
   7.6705795e+01   1.0018868e+00   5.5896933e-01   1.4840089e+01   9.7565722e-01
   8.3112860e+01   1.0018868e+00   5.5896931e-01   1.4840106e+01   9.7565747e-01
   9.2354352e+01   1.0018868e+00   5.5896929e-01   1.4840129e+01   9.7565785e-01
   1.0159584e+02   1.0018868e+00   5.5896926e-01   1.4840153e+01   9.7565822e-01
   1.1083734e+02   1.0018868e+00   5.5896924e-01   1.4840176e+01   9.7565859e-01
   1.2007883e+02   1.0018869e+00   5.5896921e-01   1.4840200e+01   9.7565897e-01
   1.2932032e+02   1.0018869e+00   5.5896919e-01   1.4840224e+01   9.7565934e-01
   1.3856181e+02   1.0018869e+00   5.5896916e-01   1.4840247e+01   9.7565972e-01
   1.4921185e+02   1.0018869e+00   5.5896913e-01   1.4840274e+01   9.7566015e-01
   1.5986188e+02   1.0018870e+00   5.5896910e-01   1.4840301e+01   9.7566058e-01
   1.7051192e+02   1.0018870e+00   5.5896907e-01   1.4840328e+01   9.7566101e-01
   1.8116196e+02   1.0018870e+00   5.5896905e-01   1.4840355e+01   9.7566145e-01
   1.9181200e+02   1.0018870e+00   5.5896902e-01   1.4840382e+01   9.7566188e-01
   2.0246203e+02   1.0018871e+00   5.5896899e-01   1.4840409e+01   9.7566231e-01
   2.1311207e+02   1.0018871e+00   5.5896896e-01   1.4840436e+01   9.7566274e-01
   2.2830937e+02   1.0018871e+00   5.5896892e-01   1.4840475e+01   9.7566336e-01
   2.4350667e+02   1.0018871e+00   5.5896888e-01   1.4840513e+01   9.7566397e-01
   2.5870398e+02   1.0018872e+00   5.5896884e-01   1.4840551e+01   9.7566459e-01
   2.7390128e+02   1.0018872e+00   5.5896879e-01   1.4840590e+01   9.7566520e-01
   2.8909858e+02   1.0018872e+00   5.5896875e-01   1.4840628e+01   9.7566582e-01
   3.0429588e+02   1.0018873e+00   5.5896871e-01   1.4840666e+01   9.7566643e-01
   3.1949318e+02   1.0018873e+00   5.5896867e-01   1.4840704e+01   9.7566704e-01
   3.3862679e+02   1.0018874e+00   5.5896862e-01   1.4840752e+01   9.7566781e-01
   3.5776040e+02   1.0018874e+00   5.5896857e-01   1.4840800e+01   9.7566858e-01
   3.7689401e+02   1.0018874e+00   5.5896852e-01   1.4840848e+01   9.7566935e-01
   3.9602762e+02   1.0018875e+00   5.5896847e-01   1.4840896e+01   9.7567012e-01
   4.1516123e+02   1.0018875e+00   5.5896842e-01   1.4840943e+01   9.7567088e-01
   4.3429483e+02   1.0018876e+00   5.5896836e-01   1.4840991e+01   9.7567165e-01
   4.5342844e+02   1.0018876e+00   5.5896831e-01   1.4841039e+01   9.7567241e-01
   4.7951480e+02   1.0018877e+00   5.5896824e-01   1.4841103e+01   9.7567345e-01
   5.0560115e+02   1.0018877e+00   5.5896818e-01   1.4841168e+01   9.7567449e-01
   5.3168751e+02   1.0018878e+00   5.5896811e-01   1.4841233e+01   9.7567553e-01
   5.5777387e+02   1.0018878e+00   5.5896804e-01   1.4841297e+01   9.7567656e-01
   5.8386022e+02   1.0018879e+00   5.5896797e-01   1.4841361e+01   9.7567760e-01
   6.0994658e+02   1.0018879e+00   5.5896790e-01   1.4841426e+01   9.7567863e-01
   6.3603293e+02   1.0018880e+00   5.5896783e-01   1.4841490e+01   9.7567966e-01
   6.7527114e+02   1.0018881e+00   5.5896773e-01   1.4841586e+01   9.7568120e-01
   7.1450935e+02   1.0018882e+00   5.5896763e-01   1.4841682e+01   9.7568274e-01
   7.5374756e+02   1.0018882e+00   5.5896752e-01   1.4841777e+01   9.7568428e-01
   7.9298577e+02   1.0018883e+00   5.5896742e-01   1.4841873e+01   9.7568581e-01
   8.3222398e+02   1.0018884e+00   5.5896732e-01   1.4841968e+01   9.7568734e-01
   8.7146218e+02   1.0018885e+00   5.5896722e-01   1.4842062e+01   9.7568886e-01
   9.6831102e+02   1.0018887e+00   5.5896697e-01   1.4842295e+01   9.7569260e-01
   1.0651599e+03   1.0018889e+00   5.5896672e-01   1.4842527e+01   9.7569632e-01
   1.1620087e+03   1.0018891e+00   5.5896647e-01   1.4842756e+01   9.7570001e-01
   1.2588575e+03   1.0018893e+00   5.5896623e-01   1.4842985e+01   9.7570368e-01
   1.3557064e+03   1.0018895e+00   5.5896599e-01   1.4843211e+01   9.7570732e-01
   1.4525552e+03   1.0018897e+00   5.5896575e-01   1.4843436e+01   9.7571093e-01
   1.6473742e+03   1.0018901e+00   5.5896527e-01   1.4843885e+01   9.7571813e-01
   1.8421931e+03   1.0018905e+00   5.5896479e-01   1.4844327e+01   9.7572524e-01
   2.0370121e+03   1.0018909e+00   5.5896433e-01   1.4844763e+01   9.7573224e-01
   2.2318311e+03   1.0018912e+00   5.5896386e-01   1.4845193e+01   9.7573915e-01
   2.4266500e+03   1.0018916e+00   5.5896341e-01   1.4845617e+01   9.7574597e-01
   2.6214690e+03   1.0018920e+00   5.5896296e-01   1.4846036e+01   9.7575269e-01
   2.8596671e+03   1.0018924e+00   5.5896242e-01   1.4846540e+01   9.7576078e-01
   3.0978652e+03   1.0018929e+00   5.5896189e-01   1.4847035e+01   9.7576874e-01
   3.3360633e+03   1.0018933e+00   5.5896137e-01   1.4847523e+01   9.7577657e-01
   3.5742615e+03   1.0018937e+00   5.5896086e-01   1.4848002e+01   9.7578427e-01
   3.8124596e+03   1.0018941e+00   5.5896035e-01   1.4848473e+01   9.7579184e-01
   4.0506577e+03   1.0018945e+00   5.5895986e-01   1.4848937e+01   9.7579928e-01
   4.3828570e+03   1.0018951e+00   5.5895918e-01   1.4849570e+01   9.7580945e-01
   4.7150563e+03   1.0018956e+00   5.5895851e-01   1.4850189e+01   9.7581939e-01
   5.0472556e+03   1.0018961e+00   5.5895787e-01   1.4850793e+01   9.7582910e-01
   5.3794549e+03   1.0018967e+00   5.5895723e-01   1.4851384e+01   9.7583858e-01
   5.7116542e+03   1.0018972e+00   5.5895662e-01   1.4851961e+01   9.7584784e-01
   6.0438535e+03   1.0018977e+00   5.5895601e-01   1.4852525e+01   9.7585689e-01
   6.3760528e+03   1.0018981e+00   5.5895542e-01   1.4853075e+01   9.7586573e-01
   6.8464761e+03   1.0018988e+00   5.5895461e-01   1.4853833e+01   9.7587790e-01
   7.3168994e+03   1.0018994e+00   5.5895383e-01   1.4854567e+01   9.7588968e-01
   7.7873228e+03   1.0019001e+00   5.5895307e-01   1.4855276e+01   9.7590107e-01
   8.2577461e+03   1.0019007e+00   5.5895233e-01   1.4855963e+01   9.7591208e-01
   8.7281694e+03   1.0019012e+00   5.5895162e-01   1.4856627e+01   9.7592274e-01
   9.1985928e+03   1.0019018e+00   5.5895093e-01   1.4857269e+01   9.7593305e-01
   9.6690161e+03   1.0019024e+00   5.5895027e-01   1.4857891e+01   9.7594303e-01
   1.0143946e+04   1.0019029e+00   5.5894962e-01   1.4858498e+01   9.7595277e-01
   1.0618875e+04   1.0019034e+00   5.5894899e-01   1.4859085e+01   9.7596219e-01
   1.1093805e+04   1.0019039e+00   5.5894838e-01   1.4859652e+01   9.7597130e-01
   1.1568734e+04   1.0019044e+00   5.5894779e-01   1.4860201e+01   9.7598011e-01
   1.2043663e+04   1.0019048e+00   5.5894722e-01   1.4860732e+01   9.7598864e-01
   1.2518593e+04   1.0019053e+00   5.5894667e-01   1.4861246e+01   9.7599688e-01
   1.2993522e+04   1.0019057e+00   5.5894614e-01   1.4861743e+01   9.7600485e-01
   1.3491602e+04   1.0019062e+00   5.5894560e-01   1.4862246e+01   9.7601292e-01
   1.3989682e+04   1.0019066e+00   5.5894508e-01   1.4862732e+01   9.7602072e-01
   1.4487761e+04   1.0019070e+00   5.5894458e-01   1.4863201e+01   9.7602825e-01
   1.4985841e+04   1.0019074e+00   5.5894410e-01   1.4863655e+01   9.7603553e-01
   1.5483920e+04   1.0019078e+00   5.5894363e-01   1.4864092e+01   9.7604255e-01
   1.5982000e+04   1.0019082e+00   5.5894318e-01   1.4864515e+01   9.7604932e-01
   1.6480080e+04   1.0019085e+00   5.5894274e-01   1.4864923e+01   9.7605587e-01
   1.7000851e+04   1.0019089e+00   5.5894230e-01   1.4865334e+01   9.7606247e-01
   1.7521622e+04   1.0019092e+00   5.5894187e-01   1.4865731e+01   9.7606884e-01
   1.8042394e+04   1.0019096e+00   5.5894146e-01   1.4866114e+01   9.7607497e-01
   1.8563165e+04   1.0019099e+00   5.5894107e-01   1.4866482e+01   9.7608089e-01
   1.9083937e+04   1.0019102e+00   5.5894069e-01   1.4866838e+01   9.7608659e-01
   1.9604708e+04   1.0019105e+00   5.5894032e-01   1.4867180e+01   9.7609209e-01
   2.0125480e+04   1.0019108e+00   5.5893997e-01   1.4867511e+01   9.7609738e-01
   2.0668814e+04   1.0019111e+00   5.5893961e-01   1.4867843e+01   9.7610271e-01
   2.1212148e+04   1.0019113e+00   5.5893927e-01   1.4868162e+01   9.7610784e-01
   2.1755482e+04   1.0019116e+00   5.5893894e-01   1.4868470e+01   9.7611277e-01
   2.2298816e+04   1.0019119e+00   5.5893862e-01   1.4868766e+01   9.7611752e-01
   2.2842151e+04   1.0019121e+00   5.5893832e-01   1.4869051e+01   9.7612209e-01
   2.3385485e+04   1.0019124e+00   5.5893803e-01   1.4869325e+01   9.7612649e-01
   2.3928819e+04   1.0019126e+00   5.5893774e-01   1.4869589e+01   9.7613072e-01
   2.4492901e+04   1.0019128e+00   5.5893746e-01   1.4869853e+01   9.7613495e-01
   2.5056983e+04   1.0019130e+00   5.5893719e-01   1.4870106e+01   9.7613901e-01
   2.5621064e+04   1.0019133e+00   5.5893693e-01   1.4870350e+01   9.7614292e-01
   2.6185146e+04   1.0019135e+00   5.5893668e-01   1.4870584e+01   9.7614667e-01
   2.6749228e+04   1.0019137e+00   5.5893644e-01   1.4870809e+01   9.7615028e-01
   2.7313309e+04   1.0019138e+00   5.5893621e-01   1.4871025e+01   9.7615374e-01
   2.7877391e+04   1.0019140e+00   5.5893598e-01   1.4871233e+01   9.7615708e-01
   2.8470552e+04   1.0019142e+00   5.5893576e-01   1.4871442e+01   9.7616044e-01
   2.9063712e+04   1.0019144e+00   5.5893554e-01   1.4871644e+01   9.7616367e-01
   2.9656872e+04   1.0019146e+00   5.5893534e-01   1.4871837e+01   9.7616676e-01
   3.0250033e+04   1.0019147e+00   5.5893514e-01   1.4872022e+01   9.7616973e-01
   3.0843193e+04   1.0019149e+00   5.5893495e-01   1.4872199e+01   9.7617258e-01
   3.1436353e+04   1.0019150e+00   5.5893477e-01   1.4872370e+01   9.7617531e-01
   3.2029514e+04   1.0019152e+00   5.5893459e-01   1.4872533e+01   9.7617793e-01
   3.2646520e+04   1.0019153e+00   5.5893442e-01   1.4872696e+01   9.7618054e-01
   3.3263526e+04   1.0019154e+00   5.5893425e-01   1.4872852e+01   9.7618304e-01
   3.3880532e+04   1.0019156e+00   5.5893409e-01   1.4873001e+01   9.7618543e-01
   3.4497538e+04   1.0019157e+00   5.5893394e-01   1.4873144e+01   9.7618772e-01
   3.5114544e+04   1.0019158e+00   5.5893379e-01   1.4873281e+01   9.7618992e-01
   3.5731551e+04   1.0019159e+00   5.5893365e-01   1.4873412e+01   9.7619202e-01
   3.6348557e+04   1.0019160e+00   5.5893352e-01   1.4873537e+01   9.7619403e-01
   3.6994746e+04   1.0019162e+00   5.5893338e-01   1.4873663e+01   9.7619605e-01
   3.7640935e+04   1.0019163e+00   5.5893325e-01   1.4873783e+01   9.7619797e-01
   3.8287124e+04   1.0019164e+00   5.5893313e-01   1.4873898e+01   9.7619982e-01
   3.8933313e+04   1.0019165e+00   5.5893301e-01   1.4874008e+01   9.7620157e-01
   3.9579503e+04   1.0019166e+00   5.5893290e-01   1.4874113e+01   9.7620326e-01
   4.0225692e+04   1.0019166e+00   5.5893279e-01   1.4874213e+01   9.7620486e-01
   4.0871881e+04   1.0019167e+00   5.5893269e-01   1.4874309e+01   9.7620640e-01
   4.1557217e+04   1.0019168e+00   5.5893259e-01   1.4874406e+01   9.7620795e-01
   4.2242553e+04   1.0019169e+00   5.5893249e-01   1.4874498e+01   9.7620943e-01
   4.2927888e+04   1.0019170e+00   5.5893240e-01   1.4874586e+01   9.7621084e-01
   4.3613224e+04   1.0019170e+00   5.5893231e-01   1.4874670e+01   9.7621219e-01
   4.4298560e+04   1.0019171e+00   5.5893222e-01   1.4874750e+01   9.7621347e-01
   4.4983896e+04   1.0019172e+00   5.5893214e-01   1.4874826e+01   9.7621469e-01
   4.5669232e+04   1.0019172e+00   5.5893206e-01   1.4874898e+01   9.7621585e-01
   4.6390674e+04   1.0019173e+00   5.5893198e-01   1.4874971e+01   9.7621702e-01
   4.7112117e+04   1.0019174e+00   5.5893191e-01   1.4875040e+01   9.7621812e-01
   4.7833560e+04   1.0019174e+00   5.5893184e-01   1.4875106e+01   9.7621918e-01
   4.8555002e+04   1.0019175e+00   5.5893177e-01   1.4875168e+01   9.7622018e-01
   4.9276445e+04   1.0019175e+00   5.5893171e-01   1.4875228e+01   9.7622113e-01
   5.0000000e+04   1.0019176e+00   5.5893165e-01   1.4875284e+01   9.7622204e-01
