   0.0000000e+00   1.0000000e+00   5.6678369e-01   8.3090491e+00   8.4745380e-01
   1.9964565e-06   1.0000000e+00   5.6678369e-01   8.3090491e+00   8.4745369e-01
   3.9929131e-06   1.0000000e+00   5.6678369e-01   8.3090491e+00   8.4745358e-01
   5.9893696e-06   1.0000000e+00   5.6678369e-01   8.3090491e+00   8.4745347e-01
   1.4701645e-05   1.0000000e+00   5.6678369e-01   8.3090491e+00   8.4745300e-01
   2.3413920e-05   1.0000000e+00   5.6678369e-01   8.3090491e+00   8.4745252e-01
   3.2126196e-05   1.0000000e+00   5.6678369e-01   8.3090491e+00   8.4745205e-01
   4.0838471e-05   1.0000000e+00   5.6678369e-01   8.3090491e+00   8.4745157e-01
   6.6775820e-05   1.0000000e+00   5.6678369e-01   8.3090492e+00   8.4745016e-01
   9.2713169e-05   1.0000000e+00   5.6678369e-01   8.3090492e+00   8.4744875e-01
   1.1865052e-04   1.0000000e+00   5.6678369e-01   8.3090492e+00   8.4744734e-01
   1.4458787e-04   1.0000000e+00   5.6678369e-01   8.3090492e+00   8.4744592e-01
   2.6477237e-04   1.0000000e+00   5.6678369e-01   8.3090493e+00   8.4743938e-01
   3.8495687e-04   1.0000000e+00   5.6678369e-01   8.3090494e+00   8.4743285e-01
   5.0514137e-04   1.0000000e+00   5.6678369e-01   8.3090495e+00   8.4742631e-01
   6.2532587e-04   1.0000000e+00   5.6678369e-01   8.3090496e+00   8.4741979e-01
   8.8635011e-04   1.0000000e+00   5.6678369e-01   8.3090498e+00   8.4740562e-01
   1.1473743e-03   1.0000000e+00   5.6678369e-01   8.3090500e+00   8.4739148e-01
   1.4083986e-03   1.0000000e+00   5.6678369e-01   8.3090502e+00   8.4737737e-01
   1.6694228e-03   1.0000000e+00   5.6678369e-01   8.3090504e+00   8.4736327e-01
   1.9304470e-03   1.0000000e+00   5.6678369e-01   8.3090506e+00   8.4734920e-01
   2.6512390e-03   1.0000000e+00   5.6678369e-01   8.3090511e+00   8.4731044e-01
   3.3720309e-03   1.0000000e+00   5.6678369e-01   8.3090517e+00   8.4727185e-01
   4.0928229e-03   1.0000000e+00   5.6678369e-01   8.3090522e+00   8.4723343e-01
   4.8136148e-03   1.0000000e+00   5.6678369e-01   8.3090527e+00   8.4719517e-01
   5.5344068e-03   1.0000000e+00   5.6678369e-01   8.3090532e+00   8.4715706e-01
   6.2551987e-03   1.0000000e+00   5.6678369e-01   8.3090538e+00   8.4711913e-01
   7.4170753e-03   1.0000000e+00   5.6678369e-01   8.3090546e+00   8.4705831e-01
   8.5789519e-03   1.0000000e+00   5.6678368e-01   8.3090554e+00   8.4699791e-01
   9.7408285e-03   1.0000000e+00   5.6678368e-01   8.3090562e+00   8.4693791e-01
   1.0902705e-02   1.0000000e+00   5.6678368e-01   8.3090570e+00   8.4687833e-01
   1.2064582e-02   1.0000000e+00   5.6678368e-01   8.3090577e+00   8.4681916e-01
   1.3226458e-02   1.0000000e+00   5.6678368e-01   8.3090585e+00   8.4676039e-01
   1.5565712e-02   1.0000000e+00   5.6678368e-01   8.3090600e+00   8.4664327e-01
   1.7904965e-02   1.0000000e+00   5.6678368e-01   8.3090614e+00   8.4652776e-01
   2.0244219e-02   1.0000000e+00   5.6678368e-01   8.3090628e+00   8.4641382e-01
   2.2583472e-02   1.0000000e+00   5.6678368e-01   8.3090641e+00   8.4630145e-01
   2.4922725e-02   1.0000000e+00   5.6678367e-01   8.3090654e+00   8.4619061e-01
   2.7261979e-02   1.0000000e+00   5.6678367e-01   8.3090666e+00   8.4608129e-01
   3.0253650e-02   1.0000000e+00   5.6678367e-01   8.3090681e+00   8.4594365e-01
   3.3245321e-02   1.0000000e+00   5.6678367e-01   8.3090695e+00   8.4580841e-01
   3.6236992e-02   1.0000000e+00   5.6678367e-01   8.3090709e+00   8.4567553e-01
   3.9228663e-02   1.0000000e+00   5.6678366e-01   8.3090722e+00   8.4554497e-01
   4.2220334e-02   1.0000000e+00   5.6678366e-01   8.3090733e+00   8.4541669e-01
   4.5212006e-02   1.0000000e+00   5.6678366e-01   8.3090745e+00   8.4529064e-01
   4.8203677e-02   1.0000000e+00   5.6678366e-01   8.3090755e+00   8.4516679e-01
   5.2542266e-02   1.0000000e+00   5.6678366e-01   8.3090769e+00   8.4499101e-01
   5.6880856e-02   1.0000000e+00   5.6678365e-01   8.3090782e+00   8.4481966e-01
   6.1219445e-02   1.0000000e+00   5.6678365e-01   8.3090793e+00   8.4465261e-01
   6.5558035e-02   1.0000000e+00   5.6678365e-01   8.3090803e+00   8.4448978e-01
   6.9896624e-02   1.0000000e+00   5.6678364e-01   8.3090811e+00   8.4433104e-01
   7.4235214e-02   1.0000000e+00   5.6678364e-01   8.3090818e+00   8.4417630e-01
   7.8573803e-02   1.0000000e+00   5.6678364e-01   8.3090824e+00   8.4402545e-01
   8.2912393e-02   1.0000000e+00   5.6678364e-01   8.3090828e+00   8.4387840e-01
   8.7250982e-02   1.0000000e+00   5.6678363e-01   8.3090832e+00   8.4373504e-01
   9.1589572e-02   1.0000000e+00   5.6678363e-01   8.3090834e+00   8.4359530e-01
   9.5966321e-02   1.0000001e+00   5.6678363e-01   8.3090835e+00   8.4345789e-01
   1.0034307e-01   1.0000001e+00   5.6678362e-01   8.3090835e+00   8.4332396e-01
   1.0471982e-01   1.0000001e+00   5.6678362e-01   8.3090834e+00   8.4319343e-01
   1.0909657e-01   1.0000001e+00   5.6678362e-01   8.3090832e+00   8.4306622e-01
   1.1347332e-01   1.0000001e+00   5.6678362e-01   8.3090828e+00   8.4294223e-01
   1.1785007e-01   1.0000001e+00   5.6678361e-01   8.3090824e+00   8.4282139e-01
   1.2222682e-01   1.0000001e+00   5.6678361e-01   8.3090819e+00   8.4270361e-01
   1.2674889e-01   1.0000001e+00   5.6678361e-01   8.3090812e+00   8.4258506e-01
   1.3127097e-01   1.0000001e+00   5.6678360e-01   8.3090805e+00   8.4246962e-01
   1.3579304e-01   1.0000001e+00   5.6678360e-01   8.3090796e+00   8.4235720e-01
   1.4031512e-01   1.0000001e+00   5.6678360e-01   8.3090786e+00   8.4224773e-01
   1.4483719e-01   1.0000001e+00   5.6678360e-01   8.3090776e+00   8.4214113e-01
   1.4935927e-01   1.0000001e+00   5.6678359e-01   8.3090765e+00   8.4203732e-01
   1.5388134e-01   1.0000001e+00   5.6678359e-01   8.3090752e+00   8.4193623e-01
   1.5856970e-01   1.0000001e+00   5.6678359e-01   8.3090739e+00   8.4183422e-01
   1.6325806e-01   1.0000001e+00   5.6678358e-01   8.3090724e+00   8.4173499e-01
   1.6794642e-01   1.0000001e+00   5.6678358e-01   8.3090709e+00   8.4163844e-01
   1.7263479e-01   1.0000001e+00   5.6678358e-01   8.3090693e+00   8.4154452e-01
   1.7732315e-01   1.0000001e+00   5.6678357e-01   8.3090676e+00   8.4145316e-01
   1.8201151e-01   1.0000001e+00   5.6678357e-01   8.3090658e+00   8.4136427e-01
   1.8669987e-01   1.0000001e+00   5.6678357e-01   8.3090639e+00   8.4127781e-01
   1.9156216e-01   1.0000001e+00   5.6678356e-01   8.3090619e+00   8.4119061e-01
   1.9642446e-01   1.0000001e+00   5.6678356e-01   8.3090598e+00   8.4110588e-01
   2.0128675e-01   1.0000001e+00   5.6678356e-01   8.3090576e+00   8.4102353e-01
   2.0614904e-01   1.0000001e+00   5.6678355e-01   8.3090554e+00   8.4094350e-01
   2.1101134e-01   1.0000001e+00   5.6678355e-01   8.3090530e+00   8.4086573e-01
   2.1587363e-01   1.0000001e+00   5.6678355e-01   8.3090506e+00   8.4079016e-01
   2.2073592e-01   1.0000001e+00   5.6678354e-01   8.3090482e+00   8.4071671e-01
   2.2578086e-01   1.0000001e+00   5.6678354e-01   8.3090455e+00   8.4064270e-01
   2.3082580e-01   1.0000001e+00   5.6678354e-01   8.3090428e+00   8.4057085e-01
   2.3587074e-01   1.0000001e+00   5.6678353e-01   8.3090401e+00   8.4050111e-01
   2.4091568e-01   1.0000001e+00   5.6678353e-01   8.3090372e+00   8.4043341e-01
   2.4596062e-01   1.0000001e+00   5.6678353e-01   8.3090343e+00   8.4036770e-01
   2.5100556e-01   1.0000001e+00   5.6678352e-01   8.3090314e+00   8.4030390e-01
   2.5605049e-01   1.0000001e+00   5.6678352e-01   8.3090283e+00   8.4024198e-01
   2.6128817e-01   1.0000001e+00   5.6678352e-01   8.3090251e+00   8.4017962e-01
   2.6652586e-01   1.0000001e+00   5.6678351e-01   8.3090219e+00   8.4011915e-01
   2.7176354e-01   1.0000001e+00   5.6678351e-01   8.3090186e+00   8.4006053e-01
   2.7700122e-01   1.0000001e+00   5.6678351e-01   8.3090152e+00   8.4000369e-01
   2.8223890e-01   1.0000002e+00   5.6678350e-01   8.3090117e+00   8.3994858e-01
   2.8747658e-01   1.0000002e+00   5.6678350e-01   8.3090083e+00   8.3989515e-01
   2.9271426e-01   1.0000002e+00   5.6678350e-01   8.3090047e+00   8.3984336e-01
   2.9815594e-01   1.0000002e+00   5.6678349e-01   8.3090010e+00   8.3979122e-01
   3.0359762e-01   1.0000002e+00   5.6678349e-01   8.3089972e+00   8.3974073e-01
   3.0903929e-01   1.0000002e+00   5.6678348e-01   8.3089933e+00   8.3969185e-01
   3.1448097e-01   1.0000002e+00   5.6678348e-01   8.3089895e+00   8.3964451e-01
   3.1992265e-01   1.0000002e+00   5.6678348e-01   8.3089855e+00   8.3959868e-01
   3.2536433e-01   1.0000002e+00   5.6678347e-01   8.3089815e+00   8.3955431e-01
   3.3080601e-01   1.0000002e+00   5.6678347e-01   8.3089775e+00   8.3951135e-01
   3.3646387e-01   1.0000002e+00   5.6678347e-01   8.3089733e+00   8.3946813e-01
   3.4212173e-01   1.0000002e+00   5.6678346e-01   8.3089690e+00   8.3942635e-01
   3.4777960e-01   1.0000002e+00   5.6678346e-01   8.3089646e+00   8.3938594e-01
   3.5343746e-01   1.0000002e+00   5.6678345e-01   8.3089603e+00   8.3934688e-01
   3.5909532e-01   1.0000002e+00   5.6678345e-01   8.3089559e+00   8.3930911e-01
   3.6475319e-01   1.0000002e+00   5.6678345e-01   8.3089514e+00   8.3927260e-01
   3.7041105e-01   1.0000002e+00   5.6678344e-01   8.3089469e+00   8.3923730e-01
   3.7630005e-01   1.0000002e+00   5.6678344e-01   8.3089422e+00   8.3920180e-01
   3.8218905e-01   1.0000002e+00   5.6678343e-01   8.3089374e+00   8.3916754e-01
   3.8807805e-01   1.0000002e+00   5.6678343e-01   8.3089327e+00   8.3913446e-01
   3.9396705e-01   1.0000002e+00   5.6678343e-01   8.3089278e+00   8.3910253e-01
   3.9985604e-01   1.0000002e+00   5.6678342e-01   8.3089230e+00   8.3907171e-01
   4.0574504e-01   1.0000002e+00   5.6678342e-01   8.3089181e+00   8.3904197e-01
   4.1163404e-01   1.0000002e+00   5.6678341e-01   8.3089131e+00   8.3901326e-01
   4.1776899e-01   1.0000002e+00   5.6678341e-01   8.3089080e+00   8.3898441e-01
   4.2390393e-01   1.0000002e+00   5.6678341e-01   8.3089028e+00   8.3895662e-01
   4.3003887e-01   1.0000002e+00   5.6678340e-01   8.3088975e+00   8.3892983e-01
   4.3617382e-01   1.0000002e+00   5.6678340e-01   8.3088922e+00   8.3890403e-01
   4.4230876e-01   1.0000002e+00   5.6678339e-01   8.3088870e+00   8.3887916e-01
   4.4844371e-01   1.0000002e+00   5.6678339e-01   8.3088816e+00   8.3885521e-01
   4.5457865e-01   1.0000002e+00   5.6678339e-01   8.3088763e+00   8.3883213e-01
   4.6098018e-01   1.0000003e+00   5.6678338e-01   8.3088707e+00   8.3880895e-01
   4.6738170e-01   1.0000003e+00   5.6678338e-01   8.3088650e+00   8.3878666e-01
   4.7378323e-01   1.0000003e+00   5.6678337e-01   8.3088594e+00   8.3876523e-01
   4.8018476e-01   1.0000003e+00   5.6678337e-01   8.3088537e+00   8.3874463e-01
   4.8658629e-01   1.0000003e+00   5.6678336e-01   8.3088479e+00   8.3872481e-01
   4.9298781e-01   1.0000003e+00   5.6678336e-01   8.3088422e+00   8.3870577e-01
   4.9938934e-01   1.0000003e+00   5.6678335e-01   8.3088364e+00   8.3868746e-01
   5.0607599e-01   1.0000003e+00   5.6678335e-01   8.3088304e+00   8.3866910e-01
   5.1276265e-01   1.0000003e+00   5.6678335e-01   8.3088243e+00   8.3865148e-01
   5.1944931e-01   1.0000003e+00   5.6678334e-01   8.3088182e+00   8.3863458e-01
   5.2613596e-01   1.0000003e+00   5.6678334e-01   8.3088121e+00   8.3861837e-01
   5.3282262e-01   1.0000003e+00   5.6678333e-01   8.3088060e+00   8.3860283e-01
   5.3950927e-01   1.0000003e+00   5.6678333e-01   8.3087998e+00   8.3858792e-01
   5.4619593e-01   1.0000003e+00   5.6678332e-01   8.3087937e+00   8.3857363e-01
   5.5319336e-01   1.0000003e+00   5.6678332e-01   8.3087872e+00   8.3855931e-01
   5.6019079e-01   1.0000003e+00   5.6678331e-01   8.3087807e+00   8.3854561e-01
   5.6718823e-01   1.0000003e+00   5.6678331e-01   8.3087742e+00   8.3853251e-01
   5.7418566e-01   1.0000003e+00   5.6678330e-01   8.3087677e+00   8.3851998e-01
   5.8118310e-01   1.0000003e+00   5.6678330e-01   8.3087611e+00   8.3850801e-01
   5.8818053e-01   1.0000003e+00   5.6678329e-01   8.3087546e+00   8.3849656e-01
   5.9517796e-01   1.0000003e+00   5.6678329e-01   8.3087480e+00   8.3848562e-01
   6.0251372e-01   1.0000003e+00   5.6678328e-01   8.3087411e+00   8.3847467e-01
   6.0984948e-01   1.0000003e+00   5.6678328e-01   8.3087342e+00   8.3846424e-01
   6.1718524e-01   1.0000003e+00   5.6678327e-01   8.3087272e+00   8.3845430e-01
   6.2452099e-01   1.0000003e+00   5.6678327e-01   8.3087203e+00   8.3844483e-01
   6.3185675e-01   1.0000003e+00   5.6678326e-01   8.3087133e+00   8.3843582e-01
   6.3919251e-01   1.0000003e+00   5.6678326e-01   8.3087064e+00   8.3842723e-01
   6.4652826e-01   1.0000004e+00   5.6678325e-01   8.3086994e+00   8.3841907e-01
   6.5423372e-01   1.0000004e+00   5.6678325e-01   8.3086920e+00   8.3841092e-01
   6.6193917e-01   1.0000004e+00   5.6678324e-01   8.3086847e+00   8.3840319e-01
   6.6964462e-01   1.0000004e+00   5.6678324e-01   8.3086773e+00   8.3839586e-01
   6.7735008e-01   1.0000004e+00   5.6678323e-01   8.3086699e+00   8.3838891e-01
   6.8505553e-01   1.0000004e+00   5.6678323e-01   8.3086625e+00   8.3838233e-01
   6.9276098e-01   1.0000004e+00   5.6678322e-01   8.3086551e+00   8.3837611e-01
   7.0046643e-01   1.0000004e+00   5.6678322e-01   8.3086477e+00   8.3837022e-01
   7.0857834e-01   1.0000004e+00   5.6678321e-01   8.3086399e+00   8.3836436e-01
   7.1669025e-01   1.0000004e+00   5.6678321e-01   8.3086321e+00   8.3835885e-01
   7.2480216e-01   1.0000004e+00   5.6678320e-01   8.3086243e+00   8.3835366e-01
   7.3291407e-01   1.0000004e+00   5.6678319e-01   8.3086164e+00   8.3834878e-01
   7.4102598e-01   1.0000004e+00   5.6678319e-01   8.3086086e+00   8.3834419e-01
   7.4913789e-01   1.0000004e+00   5.6678318e-01   8.3086007e+00   8.3833988e-01
   7.5724980e-01   1.0000004e+00   5.6678318e-01   8.3085929e+00   8.3833585e-01
   7.6581130e-01   1.0000004e+00   5.6678317e-01   8.3085846e+00   8.3833187e-01
   7.7437279e-01   1.0000004e+00   5.6678317e-01   8.3085763e+00   8.3832815e-01
   7.8293429e-01   1.0000004e+00   5.6678316e-01   8.3085680e+00   8.3832470e-01
   7.9149579e-01   1.0000004e+00   5.6678315e-01   8.3085597e+00   8.3832149e-01
   8.0005728e-01   1.0000004e+00   5.6678315e-01   8.3085514e+00   8.3831852e-01
   8.0861878e-01   1.0000004e+00   5.6678314e-01   8.3085430e+00   8.3831577e-01
   8.1718028e-01   1.0000004e+00   5.6678314e-01   8.3085347e+00   8.3831323e-01
   8.2624225e-01   1.0000005e+00   5.6678313e-01   8.3085259e+00   8.3831076e-01
   8.3530423e-01   1.0000005e+00   5.6678312e-01   8.3085171e+00   8.3830851e-01
   8.4436621e-01   1.0000005e+00   5.6678312e-01   8.3085083e+00   8.3830646e-01
   8.5342818e-01   1.0000005e+00   5.6678311e-01   8.3084994e+00   8.3830460e-01
   8.6249016e-01   1.0000005e+00   5.6678311e-01   8.3084906e+00   8.3830293e-01
   8.7155214e-01   1.0000005e+00   5.6678310e-01   8.3084818e+00   8.3830143e-01
   8.8061411e-01   1.0000005e+00   5.6678309e-01   8.3084730e+00   8.3830009e-01
   8.9023555e-01   1.0000005e+00   5.6678309e-01   8.3084636e+00   8.3829885e-01
   8.9985699e-01   1.0000005e+00   5.6678308e-01   8.3084542e+00   8.3829776e-01
   9.0947843e-01   1.0000005e+00   5.6678307e-01   8.3084448e+00   8.3829684e-01
   9.1909986e-01   1.0000005e+00   5.6678307e-01   8.3084354e+00   8.3829607e-01
   9.2872130e-01   1.0000005e+00   5.6678306e-01   8.3084260e+00   8.3829543e-01
   9.3834274e-01   1.0000005e+00   5.6678305e-01   8.3084167e+00   8.3829493e-01
   9.4796418e-01   1.0000005e+00   5.6678305e-01   8.3084073e+00   8.3829456e-01
   9.5821433e-01   1.0000005e+00   5.6678304e-01   8.3083973e+00   8.3829429e-01
   9.6846448e-01   1.0000005e+00   5.6678303e-01   8.3083873e+00   8.3829415e-01
   9.7871463e-01   1.0000005e+00   5.6678303e-01   8.3083773e+00   8.3829413e-01
   9.8896478e-01   1.0000005e+00   5.6678302e-01   8.3083673e+00   8.3829422e-01
   9.9921494e-01   1.0000006e+00   5.6678301e-01   8.3083573e+00   8.3829442e-01
   1.0094651e+00   1.0000006e+00   5.6678300e-01   8.3083473e+00   8.3829472e-01
   1.0197152e+00   1.0000006e+00   5.6678300e-01   8.3083373e+00   8.3829512e-01
   1.0306813e+00   1.0000006e+00   5.6678299e-01   8.3083266e+00   8.3829564e-01
   1.0416475e+00   1.0000006e+00   5.6678298e-01   8.3083159e+00   8.3829625e-01
   1.0526136e+00   1.0000006e+00   5.6678297e-01   8.3083052e+00   8.3829696e-01
   1.0635797e+00   1.0000006e+00   5.6678297e-01   8.3082946e+00   8.3829775e-01
   1.0745458e+00   1.0000006e+00   5.6678296e-01   8.3082839e+00   8.3829862e-01
   1.0855119e+00   1.0000006e+00   5.6678295e-01   8.3082732e+00   8.3829956e-01
   1.0964780e+00   1.0000006e+00   5.6678294e-01   8.3082625e+00   8.3830058e-01
   1.1082631e+00   1.0000006e+00   5.6678294e-01   8.3082511e+00   8.3830174e-01
   1.1200483e+00   1.0000006e+00   5.6678293e-01   8.3082396e+00   8.3830297e-01
   1.1318334e+00   1.0000006e+00   5.6678292e-01   8.3082281e+00   8.3830426e-01
   1.1436186e+00   1.0000006e+00   5.6678291e-01   8.3082167e+00   8.3830562e-01
   1.1554037e+00   1.0000006e+00   5.6678290e-01   8.3082052e+00   8.3830704e-01
   1.1671888e+00   1.0000006e+00   5.6678290e-01   8.3081937e+00   8.3830850e-01
   1.1789740e+00   1.0000007e+00   5.6678289e-01   8.3081823e+00   8.3831002e-01
   1.1917043e+00   1.0000007e+00   5.6678288e-01   8.3081699e+00   8.3831171e-01
   1.2044346e+00   1.0000007e+00   5.6678287e-01   8.3081576e+00   8.3831346e-01
   1.2171650e+00   1.0000007e+00   5.6678286e-01   8.3081452e+00   8.3831524e-01
   1.2298953e+00   1.0000007e+00   5.6678285e-01   8.3081329e+00   8.3831708e-01
   1.2426256e+00   1.0000007e+00   5.6678284e-01   8.3081205e+00   8.3831895e-01
   1.2553559e+00   1.0000007e+00   5.6678284e-01   8.3081082e+00   8.3832086e-01
   1.2680862e+00   1.0000007e+00   5.6678283e-01   8.3080959e+00   8.3832280e-01
   1.2819175e+00   1.0000007e+00   5.6678282e-01   8.3080825e+00   8.3832495e-01
   1.2957488e+00   1.0000007e+00   5.6678281e-01   8.3080691e+00   8.3832713e-01
   1.3095800e+00   1.0000007e+00   5.6678280e-01   8.3080557e+00   8.3832935e-01
   1.3234113e+00   1.0000007e+00   5.6678279e-01   8.3080423e+00   8.3833159e-01
   1.3372426e+00   1.0000007e+00   5.6678278e-01   8.3080290e+00   8.3833386e-01
   1.3510738e+00   1.0000007e+00   5.6678277e-01   8.3080156e+00   8.3833616e-01
   1.3649051e+00   1.0000008e+00   5.6678276e-01   8.3080023e+00   8.3833848e-01
   1.3800414e+00   1.0000008e+00   5.6678275e-01   8.3079877e+00   8.3834104e-01
   1.3951778e+00   1.0000008e+00   5.6678274e-01   8.3079731e+00   8.3834363e-01
   1.4103141e+00   1.0000008e+00   5.6678273e-01   8.3079585e+00   8.3834624e-01
   1.4254504e+00   1.0000008e+00   5.6678272e-01   8.3079439e+00   8.3834886e-01
   1.4405867e+00   1.0000008e+00   5.6678271e-01   8.3079294e+00   8.3835151e-01
   1.4557231e+00   1.0000008e+00   5.6678270e-01   8.3079148e+00   8.3835417e-01
   1.4708594e+00   1.0000008e+00   5.6678269e-01   8.3079003e+00   8.3835684e-01
   1.4875570e+00   1.0000008e+00   5.6678268e-01   8.3078842e+00   8.3835981e-01
   1.5042547e+00   1.0000008e+00   5.6678266e-01   8.3078682e+00   8.3836279e-01
   1.5209523e+00   1.0000008e+00   5.6678265e-01   8.3078522e+00   8.3836578e-01
   1.5376500e+00   1.0000008e+00   5.6678264e-01   8.3078362e+00   8.3836879e-01
   1.5543476e+00   1.0000009e+00   5.6678263e-01   8.3078202e+00   8.3837180e-01
   1.5710453e+00   1.0000009e+00   5.6678262e-01   8.3078042e+00   8.3837483e-01
   1.5877429e+00   1.0000009e+00   5.6678261e-01   8.3077882e+00   8.3837786e-01
   1.6063375e+00   1.0000009e+00   5.6678259e-01   8.3077704e+00   8.3838125e-01
   1.6249320e+00   1.0000009e+00   5.6678258e-01   8.3077527e+00   8.3838464e-01
   1.6435265e+00   1.0000009e+00   5.6678257e-01   8.3077349e+00   8.3838804e-01
   1.6621210e+00   1.0000009e+00   5.6678256e-01   8.3077172e+00   8.3839145e-01
   1.6807155e+00   1.0000009e+00   5.6678254e-01   8.3076995e+00   8.3839487e-01
   1.6993100e+00   1.0000009e+00   5.6678253e-01   8.3076818e+00   8.3839828e-01
   1.7179046e+00   1.0000010e+00   5.6678252e-01   8.3076641e+00   8.3840171e-01
   1.7388579e+00   1.0000010e+00   5.6678250e-01   8.3076441e+00   8.3840557e-01
   1.7598113e+00   1.0000010e+00   5.6678249e-01   8.3076242e+00   8.3840943e-01
   1.7807647e+00   1.0000010e+00   5.6678247e-01   8.3076044e+00   8.3841330e-01
   1.8017181e+00   1.0000010e+00   5.6678246e-01   8.3075845e+00   8.3841717e-01
   1.8226715e+00   1.0000010e+00   5.6678245e-01   8.3075646e+00   8.3842104e-01
   1.8436249e+00   1.0000010e+00   5.6678243e-01   8.3075448e+00   8.3842492e-01
   1.8645783e+00   1.0000010e+00   5.6678242e-01   8.3075250e+00   8.3842879e-01
   1.8885407e+00   1.0000010e+00   5.6678240e-01   8.3075024e+00   8.3843322e-01
   1.9125032e+00   1.0000011e+00   5.6678238e-01   8.3074797e+00   8.3843766e-01
   1.9364656e+00   1.0000011e+00   5.6678237e-01   8.3074571e+00   8.3844209e-01
   1.9604280e+00   1.0000011e+00   5.6678235e-01   8.3074346e+00   8.3844652e-01
   1.9843904e+00   1.0000011e+00   5.6678234e-01   8.3074120e+00   8.3845095e-01
   2.0083529e+00   1.0000011e+00   5.6678232e-01   8.3073895e+00   8.3845538e-01
   2.0323153e+00   1.0000011e+00   5.6678230e-01   8.3073670e+00   8.3845981e-01
   2.0601933e+00   1.0000011e+00   5.6678228e-01   8.3073409e+00   8.3846496e-01
   2.0880714e+00   1.0000012e+00   5.6678226e-01   8.3073147e+00   8.3847011e-01
   2.1159494e+00   1.0000012e+00   5.6678224e-01   8.3072887e+00   8.3847526e-01
   2.1438275e+00   1.0000012e+00   5.6678223e-01   8.3072626e+00   8.3848040e-01
   2.1717055e+00   1.0000012e+00   5.6678221e-01   8.3072366e+00   8.3848554e-01
   2.1995836e+00   1.0000012e+00   5.6678219e-01   8.3072106e+00   8.3849068e-01
   2.2274616e+00   1.0000012e+00   5.6678217e-01   8.3071846e+00   8.3849582e-01
   2.2606992e+00   1.0000013e+00   5.6678215e-01   8.3071537e+00   8.3850194e-01
   2.2939368e+00   1.0000013e+00   5.6678212e-01   8.3071228e+00   8.3850805e-01
   2.3271744e+00   1.0000013e+00   5.6678210e-01   8.3070920e+00   8.3851416e-01
   2.3604119e+00   1.0000013e+00   5.6678208e-01   8.3070612e+00   8.3852027e-01
   2.3936495e+00   1.0000013e+00   5.6678205e-01   8.3070305e+00   8.3852637e-01
   2.4268871e+00   1.0000013e+00   5.6678203e-01   8.3069998e+00   8.3853246e-01
   2.4601247e+00   1.0000014e+00   5.6678201e-01   8.3069692e+00   8.3853855e-01
   2.5010614e+00   1.0000014e+00   5.6678198e-01   8.3069315e+00   8.3854604e-01
   2.5419980e+00   1.0000014e+00   5.6678195e-01   8.3068938e+00   8.3855353e-01
   2.5829347e+00   1.0000014e+00   5.6678192e-01   8.3068563e+00   8.3856101e-01
   2.6238713e+00   1.0000015e+00   5.6678190e-01   8.3068188e+00   8.3856848e-01
   2.6648080e+00   1.0000015e+00   5.6678187e-01   8.3067814e+00   8.3857594e-01
   2.7057446e+00   1.0000015e+00   5.6678184e-01   8.3067440e+00   8.3858340e-01
   2.7466813e+00   1.0000015e+00   5.6678181e-01   8.3067067e+00   8.3859084e-01
   2.7991042e+00   1.0000016e+00   5.6678178e-01   8.3066591e+00   8.3860037e-01
   2.8515271e+00   1.0000016e+00   5.6678174e-01   8.3066115e+00   8.3860988e-01
   2.9039500e+00   1.0000016e+00   5.6678170e-01   8.3065641e+00   8.3861938e-01
   2.9563728e+00   1.0000016e+00   5.6678167e-01   8.3065167e+00   8.3862887e-01
   3.0087957e+00   1.0000017e+00   5.6678163e-01   8.3064695e+00   8.3863834e-01
   3.0612186e+00   1.0000017e+00   5.6678160e-01   8.3064224e+00   8.3864780e-01
   3.1136415e+00   1.0000017e+00   5.6678156e-01   8.3063754e+00   8.3865725e-01
   3.1852009e+00   1.0000018e+00   5.6678151e-01   8.3063114e+00   8.3867013e-01
   3.2567603e+00   1.0000018e+00   5.6678146e-01   8.3062476e+00   8.3868298e-01
   3.3283197e+00   1.0000018e+00   5.6678141e-01   8.3061840e+00   8.3869581e-01
   3.3998791e+00   1.0000019e+00   5.6678137e-01   8.3061206e+00   8.3870861e-01
   3.4714385e+00   1.0000019e+00   5.6678132e-01   8.3060574e+00   8.3872139e-01
   3.5429979e+00   1.0000020e+00   5.6678127e-01   8.3059944e+00   8.3873415e-01
   3.6145573e+00   1.0000020e+00   5.6678122e-01   8.3059316e+00   8.3874689e-01
   3.7236892e+00   1.0000021e+00   5.6678114e-01   8.3058362e+00   8.3876626e-01
   3.8328211e+00   1.0000021e+00   5.6678107e-01   8.3057412e+00   8.3878558e-01
   3.9419530e+00   1.0000022e+00   5.6678099e-01   8.3056467e+00   8.3880485e-01
   4.0510849e+00   1.0000022e+00   5.6678092e-01   8.3055527e+00   8.3882406e-01
   4.1602168e+00   1.0000023e+00   5.6678085e-01   8.3054591e+00   8.3884321e-01
   4.2693487e+00   1.0000024e+00   5.6678077e-01   8.3053659e+00   8.3886232e-01
   4.5589734e+00   1.0000025e+00   5.6678057e-01   8.3051209e+00   8.3891275e-01
   4.8485981e+00   1.0000027e+00   5.6678037e-01   8.3048790e+00   8.3896281e-01
   5.1382228e+00   1.0000028e+00   5.6678018e-01   8.3046403e+00   8.3901250e-01
   5.4278475e+00   1.0000030e+00   5.6677998e-01   8.3044046e+00   8.3906181e-01
   5.7174722e+00   1.0000032e+00   5.6677978e-01   8.3041720e+00   8.3911076e-01
   6.0070969e+00   1.0000033e+00   5.6677958e-01   8.3039424e+00   8.3915935e-01
   6.4837284e+00   1.0000036e+00   5.6677926e-01   8.3035712e+00   8.3923852e-01
   6.9603600e+00   1.0000039e+00   5.6677893e-01   8.3032080e+00   8.3931672e-01
   7.4369916e+00   1.0000041e+00   5.6677861e-01   8.3028528e+00   8.3939397e-01
   7.9136232e+00   1.0000044e+00   5.6677828e-01   8.3025054e+00   8.3947028e-01
   8.3902548e+00   1.0000046e+00   5.6677796e-01   8.3021657e+00   8.3954567e-01
   8.8668863e+00   1.0000049e+00   5.6677764e-01   8.3018337e+00   8.3962014e-01
   9.4225111e+00   1.0000052e+00   5.6677726e-01   8.3014562e+00   8.3970581e-01
   9.9781359e+00   1.0000055e+00   5.6677688e-01   8.3010888e+00   8.3979027e-01
   1.0533761e+01   1.0000058e+00   5.6677650e-01   8.3007313e+00   8.3987354e-01
   1.1089385e+01   1.0000061e+00   5.6677613e-01   8.3003836e+00   8.3995564e-01
   1.1645010e+01   1.0000064e+00   5.6677575e-01   8.3000455e+00   8.4003658e-01
   1.2200635e+01   1.0000067e+00   5.6677537e-01   8.2997169e+00   8.4011639e-01
   1.2756260e+01   1.0000070e+00   5.6677500e-01   8.2993977e+00   8.4019509e-01
   1.3706994e+01   1.0000076e+00   5.6677435e-01   8.2988726e+00   8.4032719e-01
   1.4657728e+01   1.0000081e+00   5.6677371e-01   8.2983738e+00   8.4045616e-01
   1.5608462e+01   1.0000086e+00   5.6677307e-01   8.2979005e+00   8.4058206e-01
   1.6559196e+01   1.0000091e+00   5.6677243e-01   8.2974521e+00   8.4070499e-01
   1.7509931e+01   1.0000097e+00   5.6677179e-01   8.2970278e+00   8.4082502e-01
   1.8460665e+01   1.0000102e+00   5.6677114e-01   8.2966272e+00   8.4094223e-01
   1.9411399e+01   1.0000107e+00   5.6677051e-01   8.2962495e+00   8.4105669e-01
   2.0410426e+01   1.0000112e+00   5.6676983e-01   8.2958767e+00   8.4117408e-01
   2.1409453e+01   1.0000118e+00   5.6676916e-01   8.2955279e+00   8.4128859e-01
   2.2408480e+01   1.0000123e+00   5.6676849e-01   8.2952024e+00   8.4140031e-01
   2.3407508e+01   1.0000129e+00   5.6676782e-01   8.2948997e+00   8.4150931e-01
   2.4406535e+01   1.0000134e+00   5.6676715e-01   8.2946190e+00   8.4161566e-01
   2.5405562e+01   1.0000140e+00   5.6676648e-01   8.2943599e+00   8.4171944e-01
   2.6404589e+01   1.0000145e+00   5.6676581e-01   8.2941216e+00   8.4182072e-01
   2.7438902e+01   1.0000151e+00   5.6676512e-01   8.2938962e+00   8.4192302e-01
   2.8473214e+01   1.0000156e+00   5.6676443e-01   8.2936921e+00   8.4202278e-01
   2.9507527e+01   1.0000162e+00   5.6676374e-01   8.2935085e+00   8.4212009e-01
   3.0541840e+01   1.0000167e+00   5.6676305e-01   8.2933448e+00   8.4221500e-01
   3.1576153e+01   1.0000173e+00   5.6676236e-01   8.2932005e+00   8.4230759e-01
   3.2610465e+01   1.0000179e+00   5.6676167e-01   8.2930751e+00   8.4239792e-01
   3.3644778e+01   1.0000184e+00   5.6676098e-01   8.2929680e+00   8.4248606e-01
   3.4714790e+01   1.0000190e+00   5.6676027e-01   8.2928760e+00   8.4257500e-01
   3.5784802e+01   1.0000196e+00   5.6675956e-01   8.2928024e+00   8.4266173e-01
   3.6854814e+01   1.0000201e+00   5.6675885e-01   8.2927467e+00   8.4274631e-01
   3.7924826e+01   1.0000207e+00   5.6675814e-01   8.2927085e+00   8.4282881e-01
   3.8994838e+01   1.0000213e+00   5.6675743e-01   8.2926871e+00   8.4290928e-01
   4.0064849e+01   1.0000219e+00   5.6675672e-01   8.2926822e+00   8.4298779e-01
   4.1134861e+01   1.0000224e+00   5.6675601e-01   8.2926931e+00   8.4306439e-01
   4.2242482e+01   1.0000230e+00   5.6675528e-01   8.2927208e+00   8.4314174e-01
   4.3350102e+01   1.0000236e+00   5.6675454e-01   8.2927645e+00   8.4321717e-01
   4.4457723e+01   1.0000242e+00   5.6675381e-01   8.2928237e+00   8.4329073e-01
   4.5565343e+01   1.0000248e+00   5.6675308e-01   8.2928980e+00   8.4336248e-01
   4.6672964e+01   1.0000254e+00   5.6675235e-01   8.2929870e+00   8.4343248e-01
   4.7780585e+01   1.0000260e+00   5.6675161e-01   8.2930902e+00   8.4350078e-01
   4.8888205e+01   1.0000266e+00   5.6675088e-01   8.2932071e+00   8.4356744e-01
   5.0029690e+01   1.0000272e+00   5.6675013e-01   8.2933415e+00   8.4363446e-01
   5.1171174e+01   1.0000278e+00   5.6674938e-01   8.2934897e+00   8.4369983e-01
   5.2312658e+01   1.0000284e+00   5.6674862e-01   8.2936511e+00   8.4376362e-01
   5.3454143e+01   1.0000290e+00   5.6674787e-01   8.2938254e+00   8.4382586e-01
   5.4595627e+01   1.0000297e+00   5.6674712e-01   8.2940122e+00   8.4388661e-01
   5.5737112e+01   1.0000303e+00   5.6674637e-01   8.2942111e+00   8.4394591e-01
   5.6878596e+01   1.0000309e+00   5.6674562e-01   8.2944216e+00   8.4400381e-01
   5.8069863e+01   1.0000315e+00   5.6674483e-01   8.2946535e+00   8.4406279e-01
   5.9261129e+01   1.0000321e+00   5.6674405e-01   8.2948973e+00   8.4412033e-01
   6.0452395e+01   1.0000328e+00   5.6674327e-01   8.2951526e+00   8.4417649e-01
   6.1643662e+01   1.0000334e+00   5.6674248e-01   8.2954191e+00   8.4423131e-01
   6.2834928e+01   1.0000340e+00   5.6674170e-01   8.2956964e+00   8.4428484e-01
   6.4026194e+01   1.0000347e+00   5.6674092e-01   8.2959841e+00   8.4433711e-01
   6.5217460e+01   1.0000353e+00   5.6674014e-01   8.2962820e+00   8.4438817e-01
   6.6455099e+01   1.0000360e+00   5.6673933e-01   8.2966018e+00   8.4443997e-01
   6.7692738e+01   1.0000366e+00   5.6673852e-01   8.2969319e+00   8.4449055e-01
   6.8930376e+01   1.0000373e+00   5.6673770e-01   8.2972717e+00   8.4453995e-01
   7.0168015e+01   1.0000379e+00   5.6673689e-01   8.2976211e+00   8.4458821e-01
   7.1405654e+01   1.0000386e+00   5.6673608e-01   8.2979797e+00   8.4463536e-01
   7.2643292e+01   1.0000393e+00   5.6673527e-01   8.2983472e+00   8.4468145e-01
   7.3880931e+01   1.0000399e+00   5.6673446e-01   8.2987232e+00   8.4472651e-01
   7.5169028e+01   1.0000406e+00   5.6673362e-01   8.2991234e+00   8.4477234e-01
   7.6457124e+01   1.0000413e+00   5.6673278e-01   8.2995322e+00   8.4481714e-01
   7.7745221e+01   1.0000420e+00   5.6673194e-01   8.2999494e+00   8.4486093e-01
   7.9033318e+01   1.0000426e+00   5.6673109e-01   8.3003747e+00   8.4490375e-01
   8.0321415e+01   1.0000433e+00   5.6673025e-01   8.3008077e+00   8.4494564e-01
   8.1609512e+01   1.0000440e+00   5.6672941e-01   8.3012482e+00   8.4498663e-01
   8.2897608e+01   1.0000447e+00   5.6672857e-01   8.3016960e+00   8.4502675e-01
   8.4240180e+01   1.0000454e+00   5.6672769e-01   8.3021701e+00   8.4506767e-01
   8.5582751e+01   1.0000461e+00   5.6672682e-01   8.3026515e+00   8.4510771e-01
   8.6925322e+01   1.0000468e+00   5.6672594e-01   8.3031399e+00   8.4514691e-01
   8.8267893e+01   1.0000475e+00   5.6672507e-01   8.3036351e+00   8.4518528e-01
   8.9610464e+01   1.0000482e+00   5.6672419e-01   8.3041369e+00   8.4522288e-01
   9.0953035e+01   1.0000489e+00   5.6672332e-01   8.3046449e+00   8.4525971e-01
   9.2295606e+01   1.0000497e+00   5.6672244e-01   8.3051589e+00   8.4529582e-01
   9.3697147e+01   1.0000504e+00   5.6672153e-01   8.3057018e+00   8.4533276e-01
   9.5098689e+01   1.0000511e+00   5.6672062e-01   8.3062508e+00   8.4536897e-01
   9.6500230e+01   1.0000519e+00   5.6671970e-01   8.3068056e+00   8.4540447e-01
   9.7901772e+01   1.0000526e+00   5.6671879e-01   8.3073660e+00   8.4543928e-01
   9.9303313e+01   1.0000534e+00   5.6671788e-01   8.3079319e+00   8.4547344e-01
   1.0070485e+02   1.0000541e+00   5.6671697e-01   8.3085030e+00   8.4550697e-01
   1.0210640e+02   1.0000548e+00   5.6671606e-01   8.3090791e+00   8.4553989e-01
   1.0357247e+02   1.0000556e+00   5.6671510e-01   8.3096869e+00   8.4557370e-01
   1.0503854e+02   1.0000564e+00   5.6671415e-01   8.3102998e+00   8.4560690e-01
   1.0650461e+02   1.0000572e+00   5.6671320e-01   8.3109175e+00   8.4563951e-01
   1.0797069e+02   1.0000579e+00   5.6671225e-01   8.3115398e+00   8.4567156e-01
   1.0943676e+02   1.0000587e+00   5.6671129e-01   8.3121667e+00   8.4570306e-01
   1.1090283e+02   1.0000595e+00   5.6671034e-01   8.3127978e+00   8.4573404e-01
   1.1236891e+02   1.0000602e+00   5.6670939e-01   8.3134330e+00   8.4576451e-01
   1.1389480e+02   1.0000610e+00   5.6670840e-01   8.3140984e+00   8.4579573e-01
   1.1542069e+02   1.0000618e+00   5.6670741e-01   8.3147678e+00   8.4582644e-01
   1.1694659e+02   1.0000627e+00   5.6670642e-01   8.3154412e+00   8.4585667e-01
   1.1847248e+02   1.0000635e+00   5.6670543e-01   8.3161183e+00   8.4588644e-01
   1.1999838e+02   1.0000643e+00   5.6670444e-01   8.3167991e+00   8.4591577e-01
   1.2152427e+02   1.0000651e+00   5.6670345e-01   8.3174832e+00   8.4594468e-01
   1.2305017e+02   1.0000659e+00   5.6670246e-01   8.3181707e+00   8.4597318e-01
   1.2466398e+02   1.0000667e+00   5.6670142e-01   8.3189012e+00   8.4600291e-01
   1.2627780e+02   1.0000676e+00   5.6670037e-01   8.3196351e+00   8.4603221e-01
   1.2789162e+02   1.0000684e+00   5.6669932e-01   8.3203722e+00   8.4606112e-01
   1.2950544e+02   1.0000692e+00   5.6669828e-01   8.3211124e+00   8.4608966e-01
   1.3111926e+02   1.0000701e+00   5.6669723e-01   8.3218555e+00   8.4611782e-01
   1.3273308e+02   1.0000709e+00   5.6669619e-01   8.3226015e+00   8.4614564e-01
   1.3434690e+02   1.0000718e+00   5.6669515e-01   8.3233501e+00   8.4617312e-01
   1.3604294e+02   1.0000727e+00   5.6669405e-01   8.3241396e+00   8.4620167e-01
   1.3773899e+02   1.0000736e+00   5.6669295e-01   8.3249318e+00   8.4622987e-01
   1.3943503e+02   1.0000745e+00   5.6669185e-01   8.3257266e+00   8.4625776e-01
   1.4113107e+02   1.0000753e+00   5.6669076e-01   8.3265238e+00   8.4628534e-01
   1.4282711e+02   1.0000762e+00   5.6668966e-01   8.3273233e+00   8.4631263e-01
   1.4452315e+02   1.0000771e+00   5.6668857e-01   8.3281251e+00   8.4633963e-01
   1.4621919e+02   1.0000780e+00   5.6668747e-01   8.3289289e+00   8.4636638e-01
   1.4801240e+02   1.0000790e+00   5.6668631e-01   8.3297810e+00   8.4639437e-01
   1.4980561e+02   1.0000799e+00   5.6668515e-01   8.3306352e+00   8.4642210e-01
   1.5159881e+02   1.0000808e+00   5.6668399e-01   8.3314915e+00   8.4644957e-01
   1.5339202e+02   1.0000818e+00   5.6668284e-01   8.3323496e+00   8.4647679e-01
   1.5518523e+02   1.0000827e+00   5.6668168e-01   8.3332096e+00   8.4650378e-01
   1.5697844e+02   1.0000836e+00   5.6668052e-01   8.3340713e+00   8.4653055e-01
   1.5877165e+02   1.0000846e+00   5.6667937e-01   8.3349346e+00   8.4655710e-01
   1.6066979e+02   1.0000856e+00   5.6667814e-01   8.3358501e+00   8.4658499e-01
   1.6256794e+02   1.0000866e+00   5.6667692e-01   8.3367673e+00   8.4661266e-01
   1.6446609e+02   1.0000876e+00   5.6667569e-01   8.3376860e+00   8.4664013e-01
   1.6636424e+02   1.0000886e+00   5.6667447e-01   8.3386062e+00   8.4666740e-01
   1.6826239e+02   1.0000895e+00   5.6667325e-01   8.3395277e+00   8.4669449e-01
   1.7016054e+02   1.0000905e+00   5.6667202e-01   8.3404506e+00   8.4672140e-01
   1.7205868e+02   1.0000915e+00   5.6667080e-01   8.3413747e+00   8.4674815e-01
   1.7403871e+02   1.0000926e+00   5.6666952e-01   8.3423399e+00   8.4677588e-01
   1.7601874e+02   1.0000936e+00   5.6666825e-01   8.3433062e+00   8.4680345e-01
   1.7799877e+02   1.0000946e+00   5.6666697e-01   8.3442737e+00   8.4683087e-01
   1.7997880e+02   1.0000957e+00   5.6666570e-01   8.3452423e+00   8.4685813e-01
   1.8195882e+02   1.0000967e+00   5.6666442e-01   8.3462118e+00   8.4688526e-01
   1.8393885e+02   1.0000977e+00   5.6666315e-01   8.3471822e+00   8.4691225e-01
   1.8591888e+02   1.0000988e+00   5.6666188e-01   8.3481536e+00   8.4693912e-01
   1.8805907e+02   1.0000999e+00   5.6666050e-01   8.3492044e+00   8.4696803e-01
   1.9019927e+02   1.0001010e+00   5.6665912e-01   8.3502561e+00   8.4699681e-01
   1.9233947e+02   1.0001021e+00   5.6665775e-01   8.3513086e+00   8.4702546e-01
   1.9447966e+02   1.0001032e+00   5.6665637e-01   8.3523619e+00   8.4705399e-01
   1.9661986e+02   1.0001043e+00   5.6665500e-01   8.3534159e+00   8.4708242e-01
   1.9876006e+02   1.0001055e+00   5.6665362e-01   8.3544705e+00   8.4711073e-01
   2.0090025e+02   1.0001066e+00   5.6665225e-01   8.3555258e+00   8.4713895e-01
   2.0319714e+02   1.0001078e+00   5.6665077e-01   8.3566590e+00   8.4716913e-01
   2.0549402e+02   1.0001090e+00   5.6664930e-01   8.3577928e+00   8.4719921e-01
   2.0779091e+02   1.0001102e+00   5.6664782e-01   8.3589271e+00   8.4722919e-01
   2.1008779e+02   1.0001114e+00   5.6664635e-01   8.3600619e+00   8.4725908e-01
   2.1238468e+02   1.0001126e+00   5.6664488e-01   8.3611972e+00   8.4728888e-01
   2.1468156e+02   1.0001137e+00   5.6664340e-01   8.3623330e+00   8.4731861e-01
   2.1697845e+02   1.0001149e+00   5.6664193e-01   8.3634691e+00   8.4734825e-01
   2.1941155e+02   1.0001162e+00   5.6664037e-01   8.3646729e+00   8.4737958e-01
   2.2184465e+02   1.0001175e+00   5.6663881e-01   8.3658772e+00   8.4741083e-01
   2.2427775e+02   1.0001187e+00   5.6663725e-01   8.3670817e+00   8.4744200e-01
   2.2671086e+02   1.0001200e+00   5.6663569e-01   8.3682865e+00   8.4747311e-01
   2.2914396e+02   1.0001213e+00   5.6663413e-01   8.3694916e+00   8.4750416e-01
   2.3157706e+02   1.0001225e+00   5.6663257e-01   8.3706969e+00   8.4753514e-01
   2.3401016e+02   1.0001238e+00   5.6663102e-01   8.3719023e+00   8.4756607e-01
   2.3667266e+02   1.0001252e+00   5.6662931e-01   8.3732217e+00   8.4759985e-01
   2.3933516e+02   1.0001266e+00   5.6662761e-01   8.3745411e+00   8.4763357e-01
   2.4199766e+02   1.0001279e+00   5.6662591e-01   8.3758607e+00   8.4766724e-01
   2.4466016e+02   1.0001293e+00   5.6662420e-01   8.3771804e+00   8.4770085e-01
   2.4732266e+02   1.0001307e+00   5.6662250e-01   8.3785002e+00   8.4773441e-01
   2.4998517e+02   1.0001321e+00   5.6662080e-01   8.3798201e+00   8.4776792e-01
   2.5264767e+02   1.0001335e+00   5.6661910e-01   8.3811399e+00   8.4780139e-01
   2.5554478e+02   1.0001350e+00   5.6661725e-01   8.3825761e+00   8.4783776e-01
   2.5844190e+02   1.0001365e+00   5.6661539e-01   8.3840123e+00   8.4787408e-01
   2.6133902e+02   1.0001380e+00   5.6661354e-01   8.3854484e+00   8.4791036e-01
   2.6423614e+02   1.0001395e+00   5.6661170e-01   8.3868844e+00   8.4794659e-01
   2.6713325e+02   1.0001410e+00   5.6660985e-01   8.3883204e+00   8.4798279e-01
   2.7003037e+02   1.0001425e+00   5.6660800e-01   8.3897563e+00   8.4801894e-01
   2.7292749e+02   1.0001440e+00   5.6660615e-01   8.3911921e+00   8.4805506e-01
   2.7603064e+02   1.0001456e+00   5.6660417e-01   8.3927298e+00   8.4809372e-01
   2.7913378e+02   1.0001472e+00   5.6660219e-01   8.3942673e+00   8.4813233e-01
   2.8223693e+02   1.0001488e+00   5.6660022e-01   8.3958047e+00   8.4817091e-01
   2.8534008e+02   1.0001504e+00   5.6659824e-01   8.3973419e+00   8.4820946e-01
   2.8844323e+02   1.0001520e+00   5.6659626e-01   8.3988789e+00   8.4824798e-01
   2.9154638e+02   1.0001536e+00   5.6659429e-01   8.4004156e+00   8.4828647e-01
   2.9464953e+02   1.0001552e+00   5.6659231e-01   8.4019521e+00   8.4832493e-01
   2.9814555e+02   1.0001570e+00   5.6659009e-01   8.4036828e+00   8.4836822e-01
   3.0164157e+02   1.0001588e+00   5.6658786e-01   8.4054132e+00   8.4841148e-01
   3.0513760e+02   1.0001606e+00   5.6658564e-01   8.4071433e+00   8.4845471e-01
   3.0863362e+02   1.0001624e+00   5.6658342e-01   8.4088730e+00   8.4849791e-01
   3.1212964e+02   1.0001642e+00   5.6658120e-01   8.4106024e+00   8.4854109e-01
   3.1562567e+02   1.0001660e+00   5.6657898e-01   8.4123314e+00   8.4858423e-01
   3.1912169e+02   1.0001678e+00   5.6657676e-01   8.4140600e+00   8.4862735e-01
   3.2301034e+02   1.0001698e+00   5.6657429e-01   8.4159823e+00   8.4867527e-01
   3.2689900e+02   1.0001718e+00   5.6657182e-01   8.4179041e+00   8.4872317e-01
   3.3078765e+02   1.0001738e+00   5.6656935e-01   8.4198254e+00   8.4877104e-01
   3.3467630e+02   1.0001758e+00   5.6656689e-01   8.4217462e+00   8.4881888e-01
   3.3856496e+02   1.0001778e+00   5.6656442e-01   8.4236665e+00   8.4886669e-01
   3.4245361e+02   1.0001798e+00   5.6656196e-01   8.4255863e+00   8.4891447e-01
   3.4634226e+02   1.0001818e+00   5.6655950e-01   8.4275055e+00   8.4896223e-01
   3.5072312e+02   1.0001840e+00   5.6655672e-01   8.4296671e+00   8.4901600e-01
   3.5510397e+02   1.0001863e+00   5.6655395e-01   8.4318280e+00   8.4906974e-01
   3.5948482e+02   1.0001885e+00   5.6655118e-01   8.4339882e+00   8.4912344e-01
   3.6386567e+02   1.0001908e+00   5.6654841e-01   8.4361477e+00   8.4917712e-01
   3.6824653e+02   1.0001930e+00   5.6654564e-01   8.4383065e+00   8.4923076e-01
   3.7262738e+02   1.0001953e+00   5.6654287e-01   8.4404646e+00   8.4928438e-01
   3.7700823e+02   1.0001975e+00   5.6654010e-01   8.4426220e+00   8.4933796e-01
   3.8201399e+02   1.0002001e+00   5.6653694e-01   8.4450864e+00   8.4939916e-01
   3.8701975e+02   1.0002026e+00   5.6653379e-01   8.4475497e+00   8.4946031e-01
   3.9202551e+02   1.0002052e+00   5.6653063e-01   8.4500122e+00   8.4952143e-01
   3.9703127e+02   1.0002078e+00   5.6652747e-01   8.4524738e+00   8.4958251e-01
   4.0203703e+02   1.0002103e+00   5.6652432e-01   8.4549344e+00   8.4964356e-01
   4.0704279e+02   1.0002129e+00   5.6652117e-01   8.4573941e+00   8.4970457e-01
   4.1204855e+02   1.0002154e+00   5.6651802e-01   8.4598529e+00   8.4976554e-01
   4.1787025e+02   1.0002184e+00   5.6651435e-01   8.4627112e+00   8.4983641e-01
   4.2369194e+02   1.0002214e+00   5.6651069e-01   8.4655683e+00   8.4990723e-01
   4.2951363e+02   1.0002243e+00   5.6650704e-01   8.4684242e+00   8.4997800e-01
   4.3533532e+02   1.0002273e+00   5.6650338e-01   8.4712787e+00   8.5004872e-01
   4.4115702e+02   1.0002303e+00   5.6649973e-01   8.4741320e+00   8.5011940e-01
   4.4697871e+02   1.0002332e+00   5.6649607e-01   8.4769841e+00   8.5019003e-01
   4.5280040e+02   1.0002362e+00   5.6649242e-01   8.4798348e+00   8.5026062e-01
   4.5970568e+02   1.0002397e+00   5.6648810e-01   8.4832146e+00   8.5034428e-01
   4.6661096e+02   1.0002432e+00   5.6648377e-01   8.4865925e+00   8.5042788e-01
   4.7351624e+02   1.0002467e+00   5.6647945e-01   8.4899687e+00   8.5051141e-01
   4.8042152e+02   1.0002502e+00   5.6647513e-01   8.4933431e+00   8.5059487e-01
   4.8732680e+02   1.0002537e+00   5.6647082e-01   8.4967156e+00   8.5067828e-01
   4.9423208e+02   1.0002572e+00   5.6646650e-01   8.5000864e+00   8.5076161e-01
   5.0113735e+02   1.0002607e+00   5.6646219e-01   8.5034555e+00   8.5084489e-01
   5.0965791e+02   1.0002650e+00   5.6645688e-01   8.5076101e+00   8.5094755e-01
   5.1817847e+02   1.0002693e+00   5.6645157e-01   8.5117620e+00   8.5105011e-01
   5.2669903e+02   1.0002736e+00   5.6644626e-01   8.5159112e+00   8.5115258e-01
   5.3521958e+02   1.0002779e+00   5.6644096e-01   8.5200577e+00   8.5125495e-01
   5.4374014e+02   1.0002822e+00   5.6643567e-01   8.5242015e+00   8.5135723e-01
   5.5226070e+02   1.0002865e+00   5.6643037e-01   8.5283425e+00   8.5145940e-01
   5.6078126e+02   1.0002908e+00   5.6642508e-01   8.5324809e+00   8.5156148e-01
   5.7156694e+02   1.0002962e+00   5.6641840e-01   8.5377155e+00   8.5169056e-01
   5.8235263e+02   1.0003017e+00   5.6641172e-01   8.5429457e+00   8.5181948e-01
   5.9313831e+02   1.0003071e+00   5.6640504e-01   8.5481717e+00   8.5194824e-01
   6.0392400e+02   1.0003125e+00   5.6639837e-01   8.5533933e+00   8.5207686e-01
   6.1470969e+02   1.0003179e+00   5.6639171e-01   8.5586105e+00   8.5220531e-01
   6.2549537e+02   1.0003233e+00   5.6638506e-01   8.5638235e+00   8.5233362e-01
   6.3628106e+02   1.0003287e+00   5.6637841e-01   8.5690321e+00   8.5246177e-01
   6.4962801e+02   1.0003353e+00   5.6637020e-01   8.5754716e+00   8.5262014e-01
   6.6297496e+02   1.0003420e+00   5.6636199e-01   8.5819045e+00   8.5277827e-01
   6.7632192e+02   1.0003487e+00   5.6635380e-01   8.5883309e+00   8.5293617e-01
   6.8966887e+02   1.0003553e+00   5.6634561e-01   8.5947506e+00   8.5309383e-01
   7.0301582e+02   1.0003619e+00   5.6633744e-01   8.6011637e+00   8.5325126e-01
   7.1636278e+02   1.0003685e+00   5.6632927e-01   8.6075702e+00   8.5340846e-01
   7.2970973e+02   1.0003752e+00   5.6632112e-01   8.6139702e+00   8.5356543e-01
   7.5055337e+02   1.0003855e+00   5.6630841e-01   8.6239517e+00   8.5381009e-01
   7.7139701e+02   1.0003958e+00   5.6629572e-01   8.6339172e+00   8.5405419e-01
   7.9224064e+02   1.0004060e+00   5.6628306e-01   8.6438667e+00   8.5429773e-01
   8.1308428e+02   1.0004163e+00   5.6627042e-01   8.6538003e+00   8.5454070e-01
   8.3392792e+02   1.0004265e+00   5.6625781e-01   8.6637179e+00   8.5478312e-01
   8.5477156e+02   1.0004367e+00   5.6624522e-01   8.6736197e+00   8.5502497e-01
   8.9150721e+02   1.0004547e+00   5.6622310e-01   8.6910322e+00   8.5544987e-01
   9.2824287e+02   1.0004726e+00   5.6620105e-01   8.7083954e+00   8.5587304e-01
   9.6497852e+02   1.0004904e+00   5.6617908e-01   8.7257096e+00   8.5629450e-01
   1.0017142e+03   1.0005082e+00   5.6615719e-01   8.7429748e+00   8.5671426e-01
   1.0384498e+03   1.0005259e+00   5.6613537e-01   8.7601911e+00   8.5713231e-01
   1.0751855e+03   1.0005435e+00   5.6611363e-01   8.7773587e+00   8.5754868e-01
   1.1259002e+03   1.0005678e+00   5.6608373e-01   8.8009794e+00   8.5812073e-01
   1.1766149e+03   1.0005919e+00   5.6605398e-01   8.8245077e+00   8.5868959e-01
   1.2273297e+03   1.0006160e+00   5.6602437e-01   8.8479441e+00   8.5925529e-01
   1.2780444e+03   1.0006399e+00   5.6599491e-01   8.8712889e+00   8.5981786e-01
   1.3287591e+03   1.0006637e+00   5.6596558e-01   8.8945424e+00   8.6037730e-01
   1.3794739e+03   1.0006874e+00   5.6593639e-01   8.9177050e+00   8.6093364e-01
   1.4347846e+03   1.0007131e+00   5.6590472e-01   8.9428635e+00   8.6153690e-01
   1.4900954e+03   1.0007387e+00   5.6587321e-01   8.9679146e+00   8.6213652e-01
   1.5454062e+03   1.0007642e+00   5.6584186e-01   8.9928588e+00   8.6273253e-01
   1.6007169e+03   1.0007895e+00   5.6581067e-01   9.0176966e+00   8.6332496e-01
   1.6560277e+03   1.0008147e+00   5.6577964e-01   9.0424283e+00   8.6391383e-01
   1.7113385e+03   1.0008397e+00   5.6574878e-01   9.0670545e+00   8.6449918e-01
   1.7666492e+03   1.0008647e+00   5.6571807e-01   9.0915755e+00   8.6508102e-01
   1.8365272e+03   1.0008960e+00   5.6567950e-01   9.1224049e+00   8.6581112e-01
   1.9064052e+03   1.0009271e+00   5.6564118e-01   9.1530681e+00   8.6653573e-01
   1.9762831e+03   1.0009581e+00   5.6560311e-01   9.1835658e+00   8.6725488e-01
   2.0461611e+03   1.0009888e+00   5.6556528e-01   9.2138990e+00   8.6796863e-01
   2.1160391e+03   1.0010193e+00   5.6552770e-01   9.2440685e+00   8.6867703e-01
   2.1859170e+03   1.0010496e+00   5.6549036e-01   9.2740752e+00   8.6938013e-01
   2.2557950e+03   1.0010798e+00   5.6545326e-01   9.3039200e+00   8.7007796e-01
   2.3416292e+03   1.0011165e+00   5.6540802e-01   9.3403592e+00   8.7092802e-01
   2.4274634e+03   1.0011530e+00   5.6536313e-01   9.3765569e+00   8.7177031e-01
   2.5132976e+03   1.0011892e+00   5.6531860e-01   9.4125147e+00   8.7260491e-01
   2.5991317e+03   1.0012251e+00   5.6527441e-01   9.4482342e+00   8.7343191e-01
   2.6849659e+03   1.0012608e+00   5.6523057e-01   9.4837169e+00   8.7425139e-01
   2.7708001e+03   1.0012961e+00   5.6518707e-01   9.5189644e+00   8.7506344e-01
   2.8566343e+03   1.0013312e+00   5.6514392e-01   9.5539782e+00   8.7586814e-01
   2.9471923e+03   1.0013679e+00   5.6509875e-01   9.5906675e+00   8.7670924e-01
   3.0377502e+03   1.0014043e+00   5.6505396e-01   9.6271001e+00   8.7754234e-01
   3.1283082e+03   1.0014404e+00   5.6500953e-01   9.6632780e+00   8.7836753e-01
   3.2188661e+03   1.0014763e+00   5.6496546e-01   9.6992030e+00   8.7918490e-01
   3.3094241e+03   1.0015118e+00   5.6492176e-01   9.7348768e+00   8.7999455e-01
   3.3999820e+03   1.0015471e+00   5.6487841e-01   9.7703012e+00   8.8079656e-01
   3.4905400e+03   1.0015820e+00   5.6483542e-01   9.8054780e+00   8.8159102e-01
   3.5810980e+03   1.0016167e+00   5.6479277e-01   9.8404090e+00   8.8237802e-01
   3.7001631e+03   1.0016619e+00   5.6473723e-01   9.8859648e+00   8.8340154e-01
   3.8192283e+03   1.0017066e+00   5.6468228e-01   9.9311025e+00   8.8441250e-01
   3.9382934e+03   1.0017508e+00   5.6462791e-01   9.9758262e+00   8.8541108e-01
   4.0573586e+03   1.0017946e+00   5.6457412e-01   1.0020140e+01   8.8639746e-01
   4.1764237e+03   1.0018379e+00   5.6452090e-01   1.0064047e+01   8.8737183e-01
   4.2954889e+03   1.0018807e+00   5.6446824e-01   1.0107551e+01   8.8833437e-01
   4.4145540e+03   1.0019232e+00   5.6441613e-01   1.0150657e+01   8.8928525e-01
   4.5336192e+03   1.0019651e+00   5.6436458e-01   1.0193367e+01   8.9022463e-01
   4.6526843e+03   1.0020066e+00   5.6431356e-01   1.0235687e+01   8.9115270e-01
   4.7717495e+03   1.0020477e+00   5.6426308e-01   1.0277619e+01   8.9206961e-01
   4.8908146e+03   1.0020884e+00   5.6421312e-01   1.0319167e+01   8.9297553e-01
   5.0000000e+03   1.0021253e+00   5.6416777e-01   1.0356933e+01   8.9379675e-01
