   0.0000000e+00   1.0000000e+00   5.7093933e-01   2.0302680e+00   1.4259861e+00
   5.2806598e-06   1.0000000e+00   5.7093933e-01   2.0302688e+00   1.4259858e+00
   1.0561320e-05   1.0000000e+00   5.7093933e-01   2.0302695e+00   1.4259856e+00
   1.5841979e-05   1.0000000e+00   5.7093933e-01   2.0302703e+00   1.4259853e+00
   3.8887306e-05   1.0000000e+00   5.7093933e-01   2.0302735e+00   1.4259841e+00
   6.1932633e-05   1.0000000e+00   5.7093933e-01   2.0302768e+00   1.4259829e+00
   8.4977960e-05   1.0000000e+00   5.7093933e-01   2.0302801e+00   1.4259817e+00
   1.0802329e-04   1.0000000e+00   5.7093933e-01   2.0302834e+00   1.4259806e+00
   1.7668954e-04   1.0000000e+00   5.7093933e-01   2.0302931e+00   1.4259771e+00
   2.4535579e-04   1.0000000e+00   5.7093933e-01   2.0303029e+00   1.4259735e+00
   3.1402204e-04   1.0000000e+00   5.7093933e-01   2.0303127e+00   1.4259700e+00
   3.8268829e-04   1.0000000e+00   5.7093933e-01   2.0303225e+00   1.4259665e+00
   6.7725816e-04   1.0000000e+00   5.7093933e-01   2.0303644e+00   1.4259514e+00
   9.7182802e-04   1.0000000e+00   5.7093933e-01   2.0304063e+00   1.4259364e+00
   1.2663979e-03   1.0000000e+00   5.7093933e-01   2.0304483e+00   1.4259213e+00
   1.5609677e-03   1.0000000e+00   5.7093933e-01   2.0304902e+00   1.4259062e+00
   2.2045195e-03   1.0000000e+00   5.7093934e-01   2.0305818e+00   1.4258733e+00
   2.8480713e-03   9.9999999e-01   5.7093934e-01   2.0306734e+00   1.4258405e+00
   3.4916230e-03   9.9999999e-01   5.7093934e-01   2.0307649e+00   1.4258076e+00
   4.1351748e-03   9.9999999e-01   5.7093934e-01   2.0308565e+00   1.4257748e+00
   4.7787266e-03   9.9999999e-01   5.7093934e-01   2.0309481e+00   1.4257421e+00
   6.5326698e-03   9.9999999e-01   5.7093934e-01   2.0311976e+00   1.4256529e+00
   8.2866130e-03   9.9999998e-01   5.7093935e-01   2.0314472e+00   1.4255639e+00
   1.0040556e-02   9.9999998e-01   5.7093935e-01   2.0316967e+00   1.4254751e+00
   1.1794499e-02   9.9999998e-01   5.7093936e-01   2.0319461e+00   1.4253864e+00
   1.3548443e-02   9.9999997e-01   5.7093936e-01   2.0321956e+00   1.4252980e+00
   1.5302386e-02   9.9999997e-01   5.7093937e-01   2.0324450e+00   1.4252098e+00
   1.8169852e-02   9.9999997e-01   5.7093937e-01   2.0328526e+00   1.4250660e+00
   2.1037317e-02   9.9999996e-01   5.7093938e-01   2.0332602e+00   1.4249227e+00
   2.3904783e-02   9.9999996e-01   5.7093938e-01   2.0336677e+00   1.4247799e+00
   2.6772249e-02   9.9999995e-01   5.7093939e-01   2.0340751e+00   1.4246376e+00
   2.9639714e-02   9.9999995e-01   5.7093940e-01   2.0344825e+00   1.4244958e+00
   3.2507180e-02   9.9999994e-01   5.7093940e-01   2.0348897e+00   1.4243545e+00
   3.7608244e-02   9.9999993e-01   5.7093942e-01   2.0356140e+00   1.4241043e+00
   4.2709307e-02   9.9999992e-01   5.7093943e-01   2.0363380e+00   1.4238557e+00
   4.7810371e-02   9.9999991e-01   5.7093944e-01   2.0370618e+00   1.4236086e+00
   5.2911434e-02   9.9999990e-01   5.7093945e-01   2.0377853e+00   1.4233630e+00
   5.8012498e-02   9.9999989e-01   5.7093946e-01   2.0385086e+00   1.4231188e+00
   6.3113561e-02   9.9999988e-01   5.7093947e-01   2.0392316e+00   1.4228761e+00
   6.9786266e-02   9.9999987e-01   5.7093949e-01   2.0401770e+00   1.4225607e+00
   7.6458970e-02   9.9999986e-01   5.7093950e-01   2.0411220e+00   1.4222478e+00
   8.3131675e-02   9.9999985e-01   5.7093952e-01   2.0420665e+00   1.4219371e+00
   8.9804379e-02   9.9999983e-01   5.7093954e-01   2.0430107e+00   1.4216288e+00
   9.6477083e-02   9.9999982e-01   5.7093955e-01   2.0439544e+00   1.4213228e+00
   1.0314979e-01   9.9999981e-01   5.7093957e-01   2.0448977e+00   1.4210189e+00
   1.0982249e-01   9.9999980e-01   5.7093958e-01   2.0458406e+00   1.4207173e+00
   1.1915576e-01   9.9999978e-01   5.7093960e-01   2.0471588e+00   1.4202989e+00
   1.2848903e-01   9.9999976e-01   5.7093962e-01   2.0484761e+00   1.4198846e+00
   1.3782231e-01   9.9999975e-01   5.7093964e-01   2.0497927e+00   1.4194743e+00
   1.4715558e-01   9.9999973e-01   5.7093967e-01   2.0511086e+00   1.4190679e+00
   1.5648885e-01   9.9999971e-01   5.7093969e-01   2.0524236e+00   1.4186652e+00
   1.6582212e-01   9.9999970e-01   5.7093971e-01   2.0537379e+00   1.4182662e+00
   1.7515539e-01   9.9999968e-01   5.7093973e-01   2.0550514e+00   1.4178708e+00
   1.8452530e-01   9.9999966e-01   5.7093975e-01   2.0563693e+00   1.4174773e+00
   1.9389521e-01   9.9999964e-01   5.7093977e-01   2.0576865e+00   1.4170873e+00
   2.0326511e-01   9.9999963e-01   5.7093979e-01   2.0590030e+00   1.4167006e+00
   2.1263502e-01   9.9999961e-01   5.7093981e-01   2.0603187e+00   1.4163172e+00
   2.2200493e-01   9.9999959e-01   5.7093983e-01   2.0616336e+00   1.4159369e+00
   2.3137484e-01   9.9999958e-01   5.7093985e-01   2.0629479e+00   1.4155598e+00
   2.4074475e-01   9.9999956e-01   5.7093988e-01   2.0642614e+00   1.4151856e+00
   2.5058339e-01   9.9999954e-01   5.7093990e-01   2.0656398e+00   1.4147959e+00
   2.6042204e-01   9.9999952e-01   5.7093992e-01   2.0670175e+00   1.4144094e+00
   2.7026069e-01   9.9999951e-01   5.7093994e-01   2.0683944e+00   1.4140259e+00
   2.8009934e-01   9.9999949e-01   5.7093996e-01   2.0697705e+00   1.4136454e+00
   2.8993798e-01   9.9999947e-01   5.7093999e-01   2.0711458e+00   1.4132678e+00
   2.9977663e-01   9.9999945e-01   5.7094001e-01   2.0725204e+00   1.4128931e+00
   3.0961528e-01   9.9999943e-01   5.7094003e-01   2.0738942e+00   1.4125211e+00
   3.1988973e-01   9.9999942e-01   5.7094005e-01   2.0753281e+00   1.4121356e+00
   3.3016417e-01   9.9999940e-01   5.7094008e-01   2.0767612e+00   1.4117528e+00
   3.4043862e-01   9.9999938e-01   5.7094010e-01   2.0781934e+00   1.4113729e+00
   3.5071307e-01   9.9999936e-01   5.7094012e-01   2.0796249e+00   1.4109957e+00
   3.6098751e-01   9.9999934e-01   5.7094014e-01   2.0810555e+00   1.4106211e+00
   3.7126196e-01   9.9999932e-01   5.7094017e-01   2.0824854e+00   1.4102490e+00
   3.8153641e-01   9.9999931e-01   5.7094019e-01   2.0839144e+00   1.4098794e+00
   3.9226996e-01   9.9999929e-01   5.7094021e-01   2.0854065e+00   1.4094960e+00
   4.0300352e-01   9.9999927e-01   5.7094024e-01   2.0868977e+00   1.4091151e+00
   4.1373707e-01   9.9999925e-01   5.7094026e-01   2.0883881e+00   1.4087366e+00
   4.2447063e-01   9.9999923e-01   5.7094028e-01   2.0898777e+00   1.4083607e+00
   4.3520419e-01   9.9999921e-01   5.7094031e-01   2.0913664e+00   1.4079870e+00
   4.4593774e-01   9.9999919e-01   5.7094033e-01   2.0928542e+00   1.4076157e+00
   4.5667130e-01   9.9999917e-01   5.7094036e-01   2.0943413e+00   1.4072466e+00
   4.6788527e-01   9.9999915e-01   5.7094038e-01   2.0958940e+00   1.4068633e+00
   4.7909925e-01   9.9999913e-01   5.7094040e-01   2.0974458e+00   1.4064823e+00
   4.9031322e-01   9.9999911e-01   5.7094043e-01   2.0989968e+00   1.4061036e+00
   5.0152720e-01   9.9999909e-01   5.7094045e-01   2.1005468e+00   1.4057270e+00
   5.1274118e-01   9.9999907e-01   5.7094048e-01   2.1020960e+00   1.4053525e+00
   5.2395515e-01   9.9999905e-01   5.7094050e-01   2.1036443e+00   1.4049801e+00
   5.3516913e-01   9.9999903e-01   5.7094053e-01   2.1051917e+00   1.4046097e+00
   5.4688593e-01   9.9999901e-01   5.7094055e-01   2.1068076e+00   1.4042247e+00
   5.5860273e-01   9.9999899e-01   5.7094058e-01   2.1084225e+00   1.4038418e+00
   5.7031953e-01   9.9999897e-01   5.7094060e-01   2.1100366e+00   1.4034609e+00
   5.8203633e-01   9.9999895e-01   5.7094063e-01   2.1116496e+00   1.4030819e+00
   5.9375313e-01   9.9999893e-01   5.7094066e-01   2.1132618e+00   1.4027048e+00
   6.0546994e-01   9.9999891e-01   5.7094068e-01   2.1148730e+00   1.4023295e+00
   6.1718674e-01   9.9999889e-01   5.7094071e-01   2.1164833e+00   1.4019560e+00
   6.2943291e-01   9.9999887e-01   5.7094073e-01   2.1181654e+00   1.4015674e+00
   6.4167907e-01   9.9999885e-01   5.7094076e-01   2.1198464e+00   1.4011806e+00
   6.5392524e-01   9.9999882e-01   5.7094079e-01   2.1215265e+00   1.4007957e+00
   6.6617141e-01   9.9999880e-01   5.7094081e-01   2.1232056e+00   1.4004124e+00
   6.7841757e-01   9.9999878e-01   5.7094084e-01   2.1248837e+00   1.4000308e+00
   6.9066374e-01   9.9999876e-01   5.7094087e-01   2.1265609e+00   1.3996508e+00
   7.0290991e-01   9.9999874e-01   5.7094089e-01   2.1282370e+00   1.3992724e+00
   7.1571462e-01   9.9999872e-01   5.7094092e-01   2.1299886e+00   1.3988783e+00
   7.2851932e-01   9.9999869e-01   5.7094095e-01   2.1317390e+00   1.3984859e+00
   7.4132403e-01   9.9999867e-01   5.7094097e-01   2.1334885e+00   1.3980950e+00
   7.5412874e-01   9.9999865e-01   5.7094100e-01   2.1352369e+00   1.3977056e+00
   7.6693344e-01   9.9999863e-01   5.7094103e-01   2.1369842e+00   1.3973177e+00
   7.7973815e-01   9.9999860e-01   5.7094106e-01   2.1387305e+00   1.3969312e+00
   7.9254286e-01   9.9999858e-01   5.7094108e-01   2.1404757e+00   1.3965461e+00
   8.0594044e-01   9.9999856e-01   5.7094111e-01   2.1423006e+00   1.3961446e+00
   8.1933802e-01   9.9999854e-01   5.7094114e-01   2.1441244e+00   1.3957445e+00
   8.3273561e-01   9.9999851e-01   5.7094117e-01   2.1459471e+00   1.3953458e+00
   8.4613319e-01   9.9999849e-01   5.7094120e-01   2.1477687e+00   1.3949485e+00
   8.5953077e-01   9.9999847e-01   5.7094123e-01   2.1495891e+00   1.3945524e+00
   8.7292836e-01   9.9999844e-01   5.7094126e-01   2.1514084e+00   1.3941576e+00
   8.8632594e-01   9.9999842e-01   5.7094129e-01   2.1532265e+00   1.3937640e+00
   9.0035588e-01   9.9999840e-01   5.7094132e-01   2.1551293e+00   1.3933531e+00
   9.1438582e-01   9.9999837e-01   5.7094135e-01   2.1570309e+00   1.3929434e+00
   9.2841576e-01   9.9999835e-01   5.7094138e-01   2.1589313e+00   1.3925350e+00
   9.4244570e-01   9.9999832e-01   5.7094140e-01   2.1608304e+00   1.3921277e+00
   9.5647564e-01   9.9999830e-01   5.7094143e-01   2.1627283e+00   1.3917216e+00
   9.7050558e-01   9.9999828e-01   5.7094146e-01   2.1646251e+00   1.3913166e+00
   9.8453552e-01   9.9999825e-01   5.7094149e-01   2.1665206e+00   1.3909127e+00
   9.9924380e-01   9.9999823e-01   5.7094153e-01   2.1685065e+00   1.3904903e+00
   1.0139521e+00   9.9999820e-01   5.7094156e-01   2.1704910e+00   1.3900691e+00
   1.0286604e+00   9.9999818e-01   5.7094159e-01   2.1724743e+00   1.3896490e+00
   1.0433686e+00   9.9999815e-01   5.7094162e-01   2.1744562e+00   1.3892299e+00
   1.0580769e+00   9.9999813e-01   5.7094165e-01   2.1764369e+00   1.3888118e+00
   1.0727852e+00   9.9999810e-01   5.7094168e-01   2.1784162e+00   1.3883947e+00
   1.0874935e+00   9.9999808e-01   5.7094171e-01   2.1803942e+00   1.3879785e+00
   1.1029335e+00   9.9999805e-01   5.7094174e-01   2.1824693e+00   1.3875427e+00
   1.1183735e+00   9.9999802e-01   5.7094178e-01   2.1845429e+00   1.3871078e+00
   1.1338136e+00   9.9999800e-01   5.7094181e-01   2.1866150e+00   1.3866739e+00
   1.1492536e+00   9.9999797e-01   5.7094184e-01   2.1886858e+00   1.3862409e+00
   1.1646936e+00   9.9999795e-01   5.7094187e-01   2.1907551e+00   1.3858088e+00
   1.1801336e+00   9.9999792e-01   5.7094191e-01   2.1928231e+00   1.3853776e+00
   1.1955736e+00   9.9999789e-01   5.7094194e-01   2.1948896e+00   1.3849473e+00
   1.2118088e+00   9.9999787e-01   5.7094197e-01   2.1970609e+00   1.3844957e+00
   1.2280439e+00   9.9999784e-01   5.7094201e-01   2.1992308e+00   1.3840450e+00
   1.2442791e+00   9.9999781e-01   5.7094204e-01   2.2013991e+00   1.3835951e+00
   1.2605142e+00   9.9999778e-01   5.7094207e-01   2.2035658e+00   1.3831461e+00
   1.2767493e+00   9.9999776e-01   5.7094211e-01   2.2057310e+00   1.3826979e+00
   1.2929845e+00   9.9999773e-01   5.7094214e-01   2.2078946e+00   1.3822505e+00
   1.3092196e+00   9.9999770e-01   5.7094217e-01   2.2100567e+00   1.3818039e+00
   1.3263222e+00   9.9999767e-01   5.7094221e-01   2.2123326e+00   1.3813342e+00
   1.3434248e+00   9.9999764e-01   5.7094224e-01   2.2146068e+00   1.3808653e+00
   1.3605275e+00   9.9999762e-01   5.7094228e-01   2.2168793e+00   1.3803972e+00
   1.3776301e+00   9.9999759e-01   5.7094232e-01   2.2191501e+00   1.3799299e+00
   1.3947327e+00   9.9999756e-01   5.7094235e-01   2.2214193e+00   1.3794633e+00
   1.4118353e+00   9.9999753e-01   5.7094239e-01   2.2236867e+00   1.3789975e+00
   1.4289379e+00   9.9999750e-01   5.7094242e-01   2.2259524e+00   1.3785324e+00
   1.4469952e+00   9.9999747e-01   5.7094246e-01   2.2283427e+00   1.3780421e+00
   1.4650525e+00   9.9999744e-01   5.7094250e-01   2.2307312e+00   1.3775525e+00
   1.4831098e+00   9.9999741e-01   5.7094253e-01   2.2331177e+00   1.3770636e+00
   1.5011671e+00   9.9999738e-01   5.7094257e-01   2.2355024e+00   1.3765755e+00
   1.5192244e+00   9.9999735e-01   5.7094261e-01   2.2378852e+00   1.3760881e+00
   1.5372817e+00   9.9999732e-01   5.7094264e-01   2.2402662e+00   1.3756013e+00
   1.5553390e+00   9.9999729e-01   5.7094268e-01   2.2426452e+00   1.3751153e+00
   1.5744522e+00   9.9999726e-01   5.7094272e-01   2.2451614e+00   1.3746015e+00
   1.5935654e+00   9.9999723e-01   5.7094276e-01   2.2476754e+00   1.3740884e+00
   1.6126787e+00   9.9999720e-01   5.7094280e-01   2.2501874e+00   1.3735760e+00
   1.6317919e+00   9.9999717e-01   5.7094283e-01   2.2526972e+00   1.3730644e+00
   1.6509051e+00   9.9999714e-01   5.7094287e-01   2.2552050e+00   1.3725534e+00
   1.6700183e+00   9.9999711e-01   5.7094291e-01   2.2577107e+00   1.3720430e+00
   1.6891315e+00   9.9999707e-01   5.7094295e-01   2.2602143e+00   1.3715333e+00
   1.7094188e+00   9.9999704e-01   5.7094299e-01   2.2628694e+00   1.3709930e+00
   1.7297060e+00   9.9999701e-01   5.7094303e-01   2.2655222e+00   1.3704534e+00
   1.7499932e+00   9.9999698e-01   5.7094307e-01   2.2681727e+00   1.3699144e+00
   1.7702804e+00   9.9999694e-01   5.7094311e-01   2.2708208e+00   1.3693762e+00
   1.7905676e+00   9.9999691e-01   5.7094316e-01   2.2734666e+00   1.3688386e+00
   1.8108548e+00   9.9999688e-01   5.7094320e-01   2.2761100e+00   1.3683016e+00
   1.8311420e+00   9.9999684e-01   5.7094324e-01   2.2787511e+00   1.3677653e+00
   1.8527496e+00   9.9999681e-01   5.7094328e-01   2.2815616e+00   1.3671948e+00
   1.8743572e+00   9.9999677e-01   5.7094332e-01   2.2843694e+00   1.3666250e+00
   1.8959647e+00   9.9999674e-01   5.7094337e-01   2.2871746e+00   1.3660559e+00
   1.9175723e+00   9.9999670e-01   5.7094341e-01   2.2899772e+00   1.3654875e+00
   1.9391798e+00   9.9999667e-01   5.7094345e-01   2.2927772e+00   1.3649197e+00
   1.9607874e+00   9.9999664e-01   5.7094349e-01   2.2955745e+00   1.3643526e+00
   1.9823949e+00   9.9999660e-01   5.7094354e-01   2.2983692e+00   1.3637862e+00
   2.0054925e+00   9.9999656e-01   5.7094358e-01   2.3013538e+00   1.3631814e+00
   2.0285900e+00   9.9999653e-01   5.7094363e-01   2.3043354e+00   1.3625773e+00
   2.0516875e+00   9.9999649e-01   5.7094367e-01   2.3073139e+00   1.3619740e+00
   2.0747851e+00   9.9999645e-01   5.7094372e-01   2.3102896e+00   1.3613714e+00
   2.0978826e+00   9.9999642e-01   5.7094376e-01   2.3132622e+00   1.3607695e+00
   2.1209802e+00   9.9999638e-01   5.7094381e-01   2.3162319e+00   1.3601682e+00
   2.1440777e+00   9.9999634e-01   5.7094386e-01   2.3191986e+00   1.3595677e+00
   2.1688761e+00   9.9999630e-01   5.7094390e-01   2.3223804e+00   1.3589237e+00
   2.1936746e+00   9.9999626e-01   5.7094395e-01   2.3255589e+00   1.3582805e+00
   2.2184730e+00   9.9999623e-01   5.7094400e-01   2.3287340e+00   1.3576381e+00
   2.2432715e+00   9.9999619e-01   5.7094405e-01   2.3319056e+00   1.3569964e+00
   2.2680699e+00   9.9999615e-01   5.7094410e-01   2.3350739e+00   1.3563555e+00
   2.2928684e+00   9.9999611e-01   5.7094415e-01   2.3382388e+00   1.3557153e+00
   2.3176668e+00   9.9999607e-01   5.7094419e-01   2.3414002e+00   1.3550759e+00
   2.3444196e+00   9.9999603e-01   5.7094425e-01   2.3448071e+00   1.3543869e+00
   2.3711724e+00   9.9999599e-01   5.7094430e-01   2.3482100e+00   1.3536988e+00
   2.3979252e+00   9.9999595e-01   5.7094435e-01   2.3516089e+00   1.3530115e+00
   2.4246779e+00   9.9999590e-01   5.7094440e-01   2.3550040e+00   1.3523251e+00
   2.4514307e+00   9.9999586e-01   5.7094445e-01   2.3583951e+00   1.3516395e+00
   2.4781835e+00   9.9999582e-01   5.7094450e-01   2.3617823e+00   1.3509548e+00
   2.5049363e+00   9.9999578e-01   5.7094455e-01   2.3651656e+00   1.3502709e+00
   2.5339633e+00   9.9999573e-01   5.7094461e-01   2.3688320e+00   1.3495297e+00
   2.5629904e+00   9.9999569e-01   5.7094466e-01   2.3724939e+00   1.3487896e+00
   2.5920174e+00   9.9999565e-01   5.7094472e-01   2.3761512e+00   1.3480504e+00
   2.6210445e+00   9.9999560e-01   5.7094477e-01   2.3798039e+00   1.3473122e+00
   2.6500715e+00   9.9999556e-01   5.7094483e-01   2.3834521e+00   1.3465749e+00
   2.6790985e+00   9.9999551e-01   5.7094488e-01   2.3870956e+00   1.3458385e+00
   2.7081256e+00   9.9999547e-01   5.7094494e-01   2.3907346e+00   1.3451032e+00
   2.7398315e+00   9.9999542e-01   5.7094500e-01   2.3947043e+00   1.3443010e+00
   2.7715374e+00   9.9999537e-01   5.7094506e-01   2.3986685e+00   1.3434999e+00
   2.8032433e+00   9.9999532e-01   5.7094512e-01   2.4026272e+00   1.3427000e+00
   2.8349492e+00   9.9999528e-01   5.7094518e-01   2.4065806e+00   1.3419011e+00
   2.8666550e+00   9.9999523e-01   5.7094524e-01   2.4105285e+00   1.3411034e+00
   2.8983609e+00   9.9999518e-01   5.7094530e-01   2.4144711e+00   1.3403068e+00
   2.9300668e+00   9.9999513e-01   5.7094535e-01   2.4184082e+00   1.3395112e+00
   2.9649570e+00   9.9999508e-01   5.7094542e-01   2.4227346e+00   1.3386371e+00
   2.9998471e+00   9.9999503e-01   5.7094548e-01   2.4270544e+00   1.3377642e+00
   3.0347373e+00   9.9999498e-01   5.7094555e-01   2.4313677e+00   1.3368927e+00
   3.0696274e+00   9.9999492e-01   5.7094561e-01   2.4356745e+00   1.3360225e+00
   3.1045176e+00   9.9999487e-01   5.7094568e-01   2.4399749e+00   1.3351536e+00
   3.1394077e+00   9.9999482e-01   5.7094574e-01   2.4442688e+00   1.3342860e+00
   3.1742978e+00   9.9999477e-01   5.7094580e-01   2.4485562e+00   1.3334197e+00
   3.2130577e+00   9.9999471e-01   5.7094587e-01   2.4533115e+00   1.3324589e+00
   3.2518175e+00   9.9999466e-01   5.7094594e-01   2.4580589e+00   1.3314996e+00
   3.2905773e+00   9.9999460e-01   5.7094602e-01   2.4627984e+00   1.3305420e+00
   3.3293371e+00   9.9999454e-01   5.7094609e-01   2.4675299e+00   1.3295859e+00
   3.3680970e+00   9.9999449e-01   5.7094616e-01   2.4722535e+00   1.3286315e+00
   3.4068568e+00   9.9999443e-01   5.7094622e-01   2.4769693e+00   1.3276786e+00
   3.4456166e+00   9.9999437e-01   5.7094629e-01   2.4816771e+00   1.3267273e+00
   3.4891393e+00   9.9999431e-01   5.7094637e-01   2.4869541e+00   1.3256610e+00
   3.5326621e+00   9.9999425e-01   5.7094645e-01   2.4922211e+00   1.3245967e+00
   3.5761848e+00   9.9999418e-01   5.7094653e-01   2.4974783e+00   1.3235343e+00
   3.6197076e+00   9.9999412e-01   5.7094660e-01   2.5027256e+00   1.3224740e+00
   3.6632303e+00   9.9999406e-01   5.7094668e-01   2.5079630e+00   1.3214156e+00
   3.7067531e+00   9.9999400e-01   5.7094676e-01   2.5131907e+00   1.3203592e+00
   3.7502758e+00   9.9999394e-01   5.7094683e-01   2.5184084e+00   1.3193047e+00
   3.7998004e+00   9.9999387e-01   5.7094692e-01   2.5243339e+00   1.3181073e+00
   3.8493249e+00   9.9999380e-01   5.7094701e-01   2.5302466e+00   1.3169123e+00
   3.8988494e+00   9.9999373e-01   5.7094709e-01   2.5361467e+00   1.3157199e+00
   3.9483740e+00   9.9999366e-01   5.7094718e-01   2.5420342e+00   1.3145301e+00
   3.9978985e+00   9.9999359e-01   5.7094726e-01   2.5479092e+00   1.3133427e+00
   4.0474230e+00   9.9999352e-01   5.7094735e-01   2.5537715e+00   1.3121578e+00
   4.0969476e+00   9.9999345e-01   5.7094743e-01   2.5596214e+00   1.3109755e+00
   4.1542712e+00   9.9999337e-01   5.7094753e-01   2.5663768e+00   1.3096101e+00
   4.2115949e+00   9.9999329e-01   5.7094763e-01   2.5731156e+00   1.3082480e+00
   4.2689185e+00   9.9999321e-01   5.7094773e-01   2.5798377e+00   1.3068892e+00
   4.3262422e+00   9.9999314e-01   5.7094782e-01   2.5865432e+00   1.3055338e+00
   4.3835658e+00   9.9999306e-01   5.7094792e-01   2.5932321e+00   1.3041817e+00
   4.4408895e+00   9.9999298e-01   5.7094802e-01   2.5999045e+00   1.3028329e+00
   4.4982132e+00   9.9999290e-01   5.7094811e-01   2.6065603e+00   1.3014874e+00
   4.5660284e+00   9.9999281e-01   5.7094822e-01   2.6144131e+00   1.2999000e+00
   4.6338436e+00   9.9999272e-01   5.7094834e-01   2.6222429e+00   1.2983171e+00
   4.7016588e+00   9.9999263e-01   5.7094845e-01   2.6300498e+00   1.2967388e+00
   4.7694740e+00   9.9999254e-01   5.7094856e-01   2.6378338e+00   1.2951650e+00
   4.8372892e+00   9.9999245e-01   5.7094867e-01   2.6455951e+00   1.2935958e+00
   4.9051044e+00   9.9999237e-01   5.7094878e-01   2.6533337e+00   1.2920312e+00
   4.9729197e+00   9.9999228e-01   5.7094889e-01   2.6610496e+00   1.2904711e+00
   5.0553665e+00   9.9999217e-01   5.7094902e-01   2.6703999e+00   1.2885805e+00
   5.1378133e+00   9.9999206e-01   5.7094915e-01   2.6797170e+00   1.2866965e+00
   5.2202601e+00   9.9999196e-01   5.7094928e-01   2.6890009e+00   1.2848192e+00
   5.3027070e+00   9.9999185e-01   5.7094941e-01   2.6982518e+00   1.2829485e+00
   5.3851538e+00   9.9999175e-01   5.7094954e-01   2.7074698e+00   1.2810844e+00
   5.4676006e+00   9.9999165e-01   5.7094967e-01   2.7166550e+00   1.2792269e+00
   5.5500474e+00   9.9999154e-01   5.7094980e-01   2.7258076e+00   1.2773759e+00
   5.6543280e+00   9.9999141e-01   5.7094996e-01   2.7373373e+00   1.2750441e+00
   5.7586085e+00   9.9999129e-01   5.7095011e-01   2.7488152e+00   1.2727226e+00
   5.8628890e+00   9.9999116e-01   5.7095027e-01   2.7602415e+00   1.2704115e+00
   5.9671696e+00   9.9999103e-01   5.7095043e-01   2.7716164e+00   1.2681108e+00
   6.0714501e+00   9.9999091e-01   5.7095058e-01   2.7829401e+00   1.2658202e+00
   6.1757307e+00   9.9999078e-01   5.7095074e-01   2.7942129e+00   1.2635399e+00
   6.2800112e+00   9.9999066e-01   5.7095089e-01   2.8054350e+00   1.2612698e+00
   6.4194855e+00   9.9999050e-01   5.7095109e-01   2.8203657e+00   1.2582494e+00
   6.5589599e+00   9.9999033e-01   5.7095129e-01   2.8352066e+00   1.2552469e+00
   6.6984342e+00   9.9999017e-01   5.7095149e-01   2.8499583e+00   1.2522624e+00
   6.8379086e+00   9.9999002e-01   5.7095169e-01   2.8646213e+00   1.2492957e+00
   6.9773829e+00   9.9998986e-01   5.7095188e-01   2.8791961e+00   1.2463467e+00
   7.1168573e+00   9.9998970e-01   5.7095207e-01   2.8936834e+00   1.2434153e+00
   7.2563316e+00   9.9998955e-01   5.7095226e-01   2.9080835e+00   1.2405014e+00
   7.4619967e+00   9.9998933e-01   5.7095254e-01   2.9291597e+00   1.2362364e+00
   7.6676617e+00   9.9998911e-01   5.7095281e-01   2.9500494e+00   1.2320089e+00
   7.8733267e+00   9.9998889e-01   5.7095308e-01   2.9707541e+00   1.2278186e+00
   8.0789917e+00   9.9998868e-01   5.7095334e-01   2.9912755e+00   1.2236652e+00
   8.2846568e+00   9.9998847e-01   5.7095360e-01   3.0116151e+00   1.2195483e+00
   8.4903218e+00   9.9998827e-01   5.7095385e-01   3.0317747e+00   1.2154678e+00
   8.6959868e+00   9.9998806e-01   5.7095410e-01   3.0517558e+00   1.2114231e+00
   8.9988963e+00   9.9998777e-01   5.7095446e-01   3.0808627e+00   1.2055309e+00
   9.3018057e+00   9.9998749e-01   5.7095481e-01   3.1095908e+00   1.1997151e+00
   9.6047152e+00   9.9998721e-01   5.7095516e-01   3.1379449e+00   1.1939746e+00
   9.9076246e+00   9.9998694e-01   5.7095549e-01   3.1659299e+00   1.1883086e+00
   1.0210534e+01   9.9998668e-01   5.7095582e-01   3.1935507e+00   1.1827161e+00
   1.0513444e+01   9.9998642e-01   5.7095613e-01   3.2208119e+00   1.1771962e+00
   1.0816353e+01   9.9998617e-01   5.7095644e-01   3.2477182e+00   1.1717479e+00
   1.1119288e+01   9.9998593e-01   5.7095674e-01   3.2742764e+00   1.1663700e+00
   1.1422224e+01   9.9998570e-01   5.7095703e-01   3.3004889e+00   1.1610619e+00
   1.1725159e+01   9.9998547e-01   5.7095732e-01   3.3263601e+00   1.1558229e+00
   1.2028095e+01   9.9998524e-01   5.7095759e-01   3.3518944e+00   1.1506520e+00
   1.2331030e+01   9.9998503e-01   5.7095786e-01   3.3770963e+00   1.1455483e+00
   1.2633965e+01   9.9998482e-01   5.7095812e-01   3.4019700e+00   1.1405111e+00
   1.2936901e+01   9.9998462e-01   5.7095837e-01   3.4265198e+00   1.1355395e+00
   1.3240911e+01   9.9998442e-01   5.7095862e-01   3.4508354e+00   1.1306152e+00
   1.3544922e+01   9.9998422e-01   5.7095885e-01   3.4748333e+00   1.1257554e+00
   1.3848933e+01   9.9998404e-01   5.7095908e-01   3.4985176e+00   1.1209591e+00
   1.4152943e+01   9.9998386e-01   5.7095931e-01   3.5218925e+00   1.1162256e+00
   1.4456954e+01   9.9998368e-01   5.7095952e-01   3.5449619e+00   1.1115539e+00
   1.4760964e+01   9.9998352e-01   5.7095973e-01   3.5677299e+00   1.1069435e+00
   1.5064975e+01   9.9998335e-01   5.7095993e-01   3.5902004e+00   1.1023934e+00
   1.5372418e+01   9.9998319e-01   5.7096013e-01   3.6126261e+00   1.0978525e+00
   1.5679862e+01   9.9998304e-01   5.7096032e-01   3.6347555e+00   1.0933718e+00
   1.5987306e+01   9.9998289e-01   5.7096050e-01   3.6565926e+00   1.0889504e+00
   1.6294749e+01   9.9998275e-01   5.7096068e-01   3.6781412e+00   1.0845877e+00
   1.6602193e+01   9.9998262e-01   5.7096085e-01   3.6994052e+00   1.0802828e+00
   1.6909637e+01   9.9998248e-01   5.7096101e-01   3.7203882e+00   1.0760350e+00
   1.7217080e+01   9.9998236e-01   5.7096116e-01   3.7410941e+00   1.0718435e+00
   1.7528564e+01   9.9998224e-01   5.7096131e-01   3.7617932e+00   1.0676537e+00
   1.7840047e+01   9.9998212e-01   5.7096146e-01   3.7822154e+00   1.0635203e+00
   1.8151531e+01   9.9998201e-01   5.7096160e-01   3.8023643e+00   1.0594424e+00
   1.8463014e+01   9.9998190e-01   5.7096173e-01   3.8222437e+00   1.0554194e+00
   1.8774497e+01   9.9998180e-01   5.7096185e-01   3.8418572e+00   1.0514506e+00
   1.9085981e+01   9.9998170e-01   5.7096197e-01   3.8612083e+00   1.0475351e+00
   1.9397464e+01   9.9998161e-01   5.7096209e-01   3.8803005e+00   1.0436724e+00
   1.9713511e+01   9.9998153e-01   5.7096219e-01   3.8994116e+00   1.0398063e+00
   2.0029559e+01   9.9998144e-01   5.7096230e-01   3.9182633e+00   1.0359930e+00
   2.0345606e+01   9.9998137e-01   5.7096239e-01   3.9368594e+00   1.0322319e+00
   2.0661653e+01   9.9998129e-01   5.7096248e-01   3.9552031e+00   1.0285221e+00
   2.0977700e+01   9.9998123e-01   5.7096257e-01   3.9732981e+00   1.0248631e+00
   2.1293747e+01   9.9998116e-01   5.7096264e-01   3.9911476e+00   1.0212542e+00
   2.1609794e+01   9.9998110e-01   5.7096272e-01   4.0087551e+00   1.0176947e+00
   2.1930753e+01   9.9998105e-01   5.7096278e-01   4.0263920e+00   1.0141297e+00
   2.2251713e+01   9.9998100e-01   5.7096285e-01   4.0437860e+00   1.0106142e+00
   2.2572672e+01   9.9998095e-01   5.7096290e-01   4.0609406e+00   1.0071476e+00
   2.2893632e+01   9.9998091e-01   5.7096295e-01   4.0778592e+00   1.0037293e+00
   2.3214591e+01   9.9998088e-01   5.7096300e-01   4.0945448e+00   1.0003585e+00
   2.3535551e+01   9.9998084e-01   5.7096304e-01   4.1110009e+00   9.9703457e-01
   2.3856510e+01   9.9998082e-01   5.7096307e-01   4.1272306e+00   9.9375692e-01
   2.4182647e+01   9.9998079e-01   5.7096310e-01   4.1434934e+00   9.9047314e-01
   2.4508783e+01   9.9998077e-01   5.7096313e-01   4.1595289e+00   9.8723581e-01
   2.4834919e+01   9.9998076e-01   5.7096315e-01   4.1753404e+00   9.8404428e-01
   2.5161056e+01   9.9998075e-01   5.7096316e-01   4.1909309e+00   9.8089792e-01
   2.5487192e+01   9.9998074e-01   5.7096317e-01   4.2063037e+00   9.7779609e-01
   2.5813329e+01   9.9998074e-01   5.7096317e-01   4.2214619e+00   9.7473818e-01
   2.6139465e+01   9.9998074e-01   5.7096317e-01   4.2364083e+00   9.7172357e-01
   2.6471022e+01   9.9998074e-01   5.7096316e-01   4.2513893e+00   9.6870262e-01
   2.6802579e+01   9.9998075e-01   5.7096315e-01   4.2661578e+00   9.6572517e-01
   2.7134136e+01   9.9998077e-01   5.7096313e-01   4.2807167e+00   9.6279060e-01
   2.7465692e+01   9.9998079e-01   5.7096311e-01   4.2950691e+00   9.5989830e-01
   2.7797249e+01   9.9998081e-01   5.7096308e-01   4.3092180e+00   9.5704767e-01
   2.8128806e+01   9.9998083e-01   5.7096305e-01   4.3231664e+00   9.5423813e-01
   2.8460363e+01   9.9998086e-01   5.7096302e-01   4.3369170e+00   9.5146907e-01
   2.8797555e+01   9.9998090e-01   5.7096297e-01   4.3507014e+00   9.4869390e-01
   2.9134748e+01   9.9998093e-01   5.7096293e-01   4.3642873e+00   9.4595940e-01
   2.9471940e+01   9.9998097e-01   5.7096288e-01   4.3776775e+00   9.4326501e-01
   2.9809132e+01   9.9998102e-01   5.7096282e-01   4.3908748e+00   9.4061014e-01
   3.0146324e+01   9.9998107e-01   5.7096276e-01   4.4038821e+00   9.3799421e-01
   3.0483517e+01   9.9998112e-01   5.7096270e-01   4.4167022e+00   9.3541666e-01
   3.0820709e+01   9.9998118e-01   5.7096263e-01   4.4293378e+00   9.3287694e-01
   3.1163767e+01   9.9998124e-01   5.7096255e-01   4.4420067e+00   9.3033129e-01
   3.1506826e+01   9.9998130e-01   5.7096247e-01   4.4544902e+00   9.2782364e-01
   3.1849884e+01   9.9998137e-01   5.7096239e-01   4.4667911e+00   9.2535346e-01
   3.2192943e+01   9.9998144e-01   5.7096230e-01   4.4789121e+00   9.2292017e-01
   3.2536001e+01   9.9998151e-01   5.7096221e-01   4.4908559e+00   9.2052323e-01
   3.2879059e+01   9.9998159e-01   5.7096212e-01   4.5026251e+00   9.1816212e-01
   3.3222118e+01   9.9998167e-01   5.7096202e-01   4.5142223e+00   9.1583629e-01
   3.3571257e+01   9.9998176e-01   5.7096191e-01   4.5258512e+00   9.1350492e-01
   3.3920396e+01   9.9998184e-01   5.7096180e-01   4.5373073e+00   9.1120903e-01
   3.4269536e+01   9.9998194e-01   5.7096169e-01   4.5485932e+00   9.0894806e-01
   3.4618675e+01   9.9998203e-01   5.7096157e-01   4.5597115e+00   9.0672151e-01
   3.4967814e+01   9.9998213e-01   5.7096145e-01   4.5706648e+00   9.0452884e-01
   3.5316954e+01   9.9998223e-01   5.7096132e-01   4.5814554e+00   9.0236955e-01
   3.5666093e+01   9.9998234e-01   5.7096119e-01   4.5920860e+00   9.0024313e-01
   3.6021542e+01   9.9998245e-01   5.7096105e-01   4.6027468e+00   8.9811155e-01
   3.6376992e+01   9.9998256e-01   5.7096091e-01   4.6132467e+00   8.9601301e-01
   3.6732441e+01   9.9998268e-01   5.7096077e-01   4.6235882e+00   8.9394700e-01
   3.7087891e+01   9.9998279e-01   5.7096062e-01   4.6337737e+00   8.9191304e-01
   3.7443340e+01   9.9998292e-01   5.7096047e-01   4.6438057e+00   8.8991062e-01
   3.7798789e+01   9.9998304e-01   5.7096032e-01   4.6536865e+00   8.8793926e-01
   3.8154239e+01   9.9998317e-01   5.7096016e-01   4.6634185e+00   8.8599849e-01
   3.8516240e+01   9.9998330e-01   5.7096000e-01   4.6731792e+00   8.8405289e-01
   3.8878241e+01   9.9998344e-01   5.7095983e-01   4.6827904e+00   8.8213804e-01
   3.9240242e+01   9.9998358e-01   5.7095966e-01   4.6922543e+00   8.8025346e-01
   3.9602243e+01   9.9998372e-01   5.7095948e-01   4.7015733e+00   8.7839866e-01
   3.9964243e+01   9.9998386e-01   5.7095930e-01   4.7107496e+00   8.7657319e-01
   4.0326244e+01   9.9998401e-01   5.7095912e-01   4.7197855e+00   8.7477658e-01
   4.0688245e+01   9.9998416e-01   5.7095894e-01   4.7286833e+00   8.7300838e-01
   4.1057046e+01   9.9998431e-01   5.7095875e-01   4.7376083e+00   8.7123573e-01
   4.1425846e+01   9.9998447e-01   5.7095855e-01   4.7463944e+00   8.6949163e-01
   4.1794647e+01   9.9998463e-01   5.7095835e-01   4.7550438e+00   8.6777565e-01
   4.2163447e+01   9.9998479e-01   5.7095815e-01   4.7635587e+00   8.6608732e-01
   4.2532247e+01   9.9998496e-01   5.7095795e-01   4.7719414e+00   8.6442621e-01
   4.2901048e+01   9.9998513e-01   5.7095774e-01   4.7801937e+00   8.6279189e-01
   4.3269848e+01   9.9998530e-01   5.7095753e-01   4.7883180e+00   8.6118391e-01
   4.3645718e+01   9.9998547e-01   5.7095731e-01   4.7964683e+00   8.5957179e-01
   4.4021587e+01   9.9998565e-01   5.7095709e-01   4.8044898e+00   8.5798617e-01
   4.4397457e+01   9.9998583e-01   5.7095687e-01   4.8123846e+00   8.5642661e-01
   4.4773327e+01   9.9998601e-01   5.7095664e-01   4.8201548e+00   8.5489269e-01
   4.5149196e+01   9.9998620e-01   5.7095641e-01   4.8278024e+00   8.5338400e-01
   4.5525066e+01   9.9998639e-01   5.7095618e-01   4.8353294e+00   8.5190011e-01
   4.5900936e+01   9.9998658e-01   5.7095594e-01   4.8427378e+00   8.5044063e-01
   4.6284144e+01   9.9998677e-01   5.7095570e-01   4.8501707e+00   8.4897737e-01
   4.6667353e+01   9.9998697e-01   5.7095545e-01   4.8574844e+00   8.4753864e-01
   4.7050562e+01   9.9998717e-01   5.7095520e-01   4.8646809e+00   8.4612405e-01
   4.7433771e+01   9.9998738e-01   5.7095495e-01   4.8717620e+00   8.4473319e-01
   4.7816980e+01   9.9998758e-01   5.7095470e-01   4.8787297e+00   8.4336567e-01
   4.8200188e+01   9.9998779e-01   5.7095444e-01   4.8855860e+00   8.4202109e-01
   4.8583397e+01   9.9998800e-01   5.7095418e-01   4.8923326e+00   8.4069907e-01
   4.8974235e+01   9.9998821e-01   5.7095392e-01   4.8991025e+00   8.3937360e-01
   4.9365074e+01   9.9998843e-01   5.7095365e-01   4.9057621e+00   8.3807081e-01
   4.9755912e+01   9.9998865e-01   5.7095338e-01   4.9123134e+00   8.3679033e-01
   5.0146750e+01   9.9998887e-01   5.7095310e-01   4.9187581e+00   8.3553177e-01
   5.0537588e+01   9.9998910e-01   5.7095282e-01   4.9250982e+00   8.3429477e-01
   5.0928426e+01   9.9998932e-01   5.7095254e-01   4.9313353e+00   8.3307896e-01
   5.1319264e+01   9.9998955e-01   5.7095226e-01   4.9374712e+00   8.3188398e-01
   5.1718038e+01   9.9998979e-01   5.7095197e-01   4.9436292e+00   8.3068584e-01
   5.2116811e+01   9.9999002e-01   5.7095168e-01   4.9496855e+00   8.2950864e-01
   5.2515585e+01   9.9999026e-01   5.7095138e-01   4.9556418e+00   8.2835203e-01
   5.2914358e+01   9.9999050e-01   5.7095109e-01   4.9614999e+00   8.2721564e-01
   5.3313131e+01   9.9999074e-01   5.7095079e-01   4.9672614e+00   8.2609913e-01
   5.3711905e+01   9.9999099e-01   5.7095049e-01   4.9729280e+00   8.2500215e-01
   5.4110678e+01   9.9999123e-01   5.7095018e-01   4.9785015e+00   8.2392436e-01
   5.4517734e+01   9.9999148e-01   5.7094987e-01   4.9840962e+00   8.2284363e-01
   5.4924791e+01   9.9999174e-01   5.7094956e-01   4.9895971e+00   8.2178221e-01
   5.5331847e+01   9.9999199e-01   5.7094924e-01   4.9950060e+00   8.2073975e-01
   5.5738903e+01   9.9999225e-01   5.7094892e-01   5.0003244e+00   8.1971592e-01
   5.6145959e+01   9.9999251e-01   5.7094860e-01   5.0055540e+00   8.1871038e-01
   5.6553015e+01   9.9999277e-01   5.7094828e-01   5.0106962e+00   8.1772282e-01
   5.6960071e+01   9.9999303e-01   5.7094795e-01   5.0157527e+00   8.1675291e-01
   5.7375728e+01   9.9999330e-01   5.7094762e-01   5.0208292e+00   8.1578040e-01
   5.7791385e+01   9.9999358e-01   5.7094728e-01   5.0258194e+00   8.1482565e-01
   5.8207042e+01   9.9999385e-01   5.7094694e-01   5.0307249e+00   8.1388833e-01
   5.8622699e+01   9.9999412e-01   5.7094660e-01   5.0355473e+00   8.1296814e-01
   5.9038356e+01   9.9999440e-01   5.7094626e-01   5.0402880e+00   8.1206475e-01
   5.9454013e+01   9.9999468e-01   5.7094592e-01   5.0449486e+00   8.1117787e-01
   5.9869670e+01   9.9999496e-01   5.7094557e-01   5.0495304e+00   8.1030719e-01
   6.0294322e+01   9.9999524e-01   5.7094522e-01   5.0541316e+00   8.0943411e-01
   6.0718975e+01   9.9999553e-01   5.7094486e-01   5.0586536e+00   8.0857733e-01
   6.1143628e+01   9.9999582e-01   5.7094450e-01   5.0630979e+00   8.0773656e-01
   6.1568280e+01   9.9999611e-01   5.7094414e-01   5.0674659e+00   8.0691149e-01
   6.1992933e+01   9.9999641e-01   5.7094378e-01   5.0717590e+00   8.0610184e-01
   6.2417586e+01   9.9999670e-01   5.7094341e-01   5.0759786e+00   8.0530732e-01
   6.2842239e+01   9.9999700e-01   5.7094305e-01   5.0801261e+00   8.0452765e-01
   6.3275399e+01   9.9999730e-01   5.7094267e-01   5.0842837e+00   8.0374738e-01
   6.3708560e+01   9.9999760e-01   5.7094230e-01   5.0883690e+00   8.0298199e-01
   6.4141720e+01   9.9999791e-01   5.7094192e-01   5.0923834e+00   8.0223121e-01
   6.4574881e+01   9.9999822e-01   5.7094154e-01   5.0963282e+00   8.0149475e-01
   6.5008041e+01   9.9999852e-01   5.7094116e-01   5.1002047e+00   8.0077235e-01
   6.5441202e+01   9.9999883e-01   5.7094077e-01   5.1040142e+00   8.0006374e-01
   6.5874363e+01   9.9999914e-01   5.7094039e-01   5.1077580e+00   7.9936867e-01
   6.6316513e+01   9.9999946e-01   5.7093999e-01   5.1115130e+00   7.9867285e-01
   6.6758663e+01   9.9999978e-01   5.7093960e-01   5.1152021e+00   7.9799061e-01
   6.7200813e+01   1.0000001e+00   5.7093920e-01   5.1188265e+00   7.9732167e-01
   6.7642963e+01   1.0000004e+00   5.7093880e-01   5.1223875e+00   7.9666579e-01
   6.8085113e+01   1.0000007e+00   5.7093840e-01   5.1258863e+00   7.9602270e-01
   6.8527264e+01   1.0000011e+00   5.7093800e-01   5.1293242e+00   7.9539217e-01
   6.8969414e+01   1.0000014e+00   5.7093760e-01   5.1327022e+00   7.9477394e-01
   6.9420691e+01   1.0000017e+00   5.7093719e-01   5.1360894e+00   7.9415541e-01
   6.9871969e+01   1.0000021e+00   5.7093677e-01   5.1394168e+00   7.9354921e-01
   7.0323247e+01   1.0000024e+00   5.7093636e-01   5.1426854e+00   7.9295509e-01
   7.0774524e+01   1.0000027e+00   5.7093594e-01   5.1458964e+00   7.9237283e-01
   7.1225802e+01   1.0000031e+00   5.7093552e-01   5.1490509e+00   7.9180219e-01
   7.1677079e+01   1.0000034e+00   5.7093510e-01   5.1521501e+00   7.9124293e-01
   7.2128357e+01   1.0000038e+00   5.7093468e-01   5.1551950e+00   7.9069485e-01
   7.2590642e+01   1.0000041e+00   5.7093425e-01   5.1582590e+00   7.9014475e-01
   7.3052927e+01   1.0000045e+00   5.7093382e-01   5.1612684e+00   7.8960590e-01
   7.3515212e+01   1.0000048e+00   5.7093338e-01   5.1642240e+00   7.8907809e-01
   7.3977496e+01   1.0000052e+00   5.7093294e-01   5.1671272e+00   7.8856108e-01
   7.4439781e+01   1.0000055e+00   5.7093251e-01   5.1699789e+00   7.8805467e-01
   7.4902066e+01   1.0000059e+00   5.7093207e-01   5.1727801e+00   7.8755864e-01
   7.5364351e+01   1.0000062e+00   5.7093163e-01   5.1755318e+00   7.8707277e-01
   7.5836322e+01   1.0000066e+00   5.7093118e-01   5.1782913e+00   7.8658701e-01
   7.6308293e+01   1.0000070e+00   5.7093073e-01   5.1810013e+00   7.8611142e-01
   7.6780264e+01   1.0000073e+00   5.7093028e-01   5.1836628e+00   7.8564579e-01
   7.7252235e+01   1.0000077e+00   5.7092982e-01   5.1862769e+00   7.8518993e-01
   7.7724206e+01   1.0000080e+00   5.7092937e-01   5.1888445e+00   7.8474363e-01
   7.8196177e+01   1.0000084e+00   5.7092891e-01   5.1913666e+00   7.8430669e-01
   7.8668148e+01   1.0000088e+00   5.7092846e-01   5.1938440e+00   7.8387892e-01
   7.9151939e+01   1.0000092e+00   5.7092799e-01   5.1963382e+00   7.8344977e-01
   7.9635731e+01   1.0000095e+00   5.7092752e-01   5.1987874e+00   7.8302985e-01
   8.0119522e+01   1.0000099e+00   5.7092705e-01   5.2011926e+00   7.8261898e-01
   8.0603313e+01   1.0000103e+00   5.7092657e-01   5.2035548e+00   7.8221697e-01
   8.1087105e+01   1.0000107e+00   5.7092610e-01   5.2058747e+00   7.8182362e-01
   8.1570896e+01   1.0000111e+00   5.7092563e-01   5.2081534e+00   7.8143876e-01
   8.2054688e+01   1.0000115e+00   5.7092515e-01   5.2103917e+00   7.8106222e-01
   8.2550049e+01   1.0000118e+00   5.7092466e-01   5.2126425e+00   7.8068509e-01
   8.3045410e+01   1.0000122e+00   5.7092418e-01   5.2148527e+00   7.8031631e-01
   8.3540771e+01   1.0000126e+00   5.7092369e-01   5.2170232e+00   7.7995569e-01
   8.4036132e+01   1.0000130e+00   5.7092320e-01   5.2191548e+00   7.7960306e-01
   8.4531493e+01   1.0000134e+00   5.7092271e-01   5.2212483e+00   7.7925825e-01
   8.5026854e+01   1.0000138e+00   5.7092221e-01   5.2233047e+00   7.7892109e-01
   8.5522215e+01   1.0000142e+00   5.7092172e-01   5.2253246e+00   7.7859141e-01
   8.6030797e+01   1.0000146e+00   5.7092122e-01   5.2273614e+00   7.7826055e-01
   8.6539379e+01   1.0000150e+00   5.7092071e-01   5.2293614e+00   7.7793724e-01
   8.7047961e+01   1.0000155e+00   5.7092020e-01   5.2313255e+00   7.7762130e-01
   8.7556543e+01   1.0000159e+00   5.7091969e-01   5.2332544e+00   7.7731259e-01
   8.8065124e+01   1.0000163e+00   5.7091918e-01   5.2351490e+00   7.7701094e-01
   8.8573706e+01   1.0000167e+00   5.7091867e-01   5.2370100e+00   7.7671618e-01
   8.9082288e+01   1.0000171e+00   5.7091816e-01   5.2388381e+00   7.7642818e-01
   8.9602288e+01   1.0000175e+00   5.7091764e-01   5.2406740e+00   7.7614054e-01
   9.0122287e+01   1.0000180e+00   5.7091711e-01   5.2424771e+00   7.7585964e-01
   9.0642286e+01   1.0000184e+00   5.7091659e-01   5.2442480e+00   7.7558533e-01
   9.1162286e+01   1.0000188e+00   5.7091606e-01   5.2459876e+00   7.7531747e-01
   9.1682285e+01   1.0000192e+00   5.7091553e-01   5.2476965e+00   7.7505591e-01
   9.2202285e+01   1.0000197e+00   5.7091501e-01   5.2493754e+00   7.7480050e-01
   9.2722284e+01   1.0000201e+00   5.7091448e-01   5.2510250e+00   7.7455111e-01
   9.3256265e+01   1.0000205e+00   5.7091394e-01   5.2526892e+00   7.7430113e-01
   9.3790245e+01   1.0000210e+00   5.7091339e-01   5.2543238e+00   7.7405721e-01
   9.4324225e+01   1.0000214e+00   5.7091285e-01   5.2559296e+00   7.7381921e-01
   9.4858205e+01   1.0000218e+00   5.7091230e-01   5.2575072e+00   7.7358699e-01
   9.5392185e+01   1.0000223e+00   5.7091176e-01   5.2590573e+00   7.7336041e-01
   9.5926165e+01   1.0000227e+00   5.7091121e-01   5.2605805e+00   7.7313935e-01
   9.6460145e+01   1.0000232e+00   5.7091067e-01   5.2620775e+00   7.7292368e-01
   9.7007847e+01   1.0000236e+00   5.7091010e-01   5.2635863e+00   7.7270793e-01
   9.7555549e+01   1.0000241e+00   5.7090954e-01   5.2650687e+00   7.7249759e-01
   9.8103251e+01   1.0000245e+00   5.7090898e-01   5.2665254e+00   7.7229252e-01
   9.8650953e+01   1.0000250e+00   5.7090842e-01   5.2679570e+00   7.7209261e-01
   9.9198655e+01   1.0000254e+00   5.7090785e-01   5.2693640e+00   7.7189772e-01
   9.9746357e+01   1.0000259e+00   5.7090729e-01   5.2707471e+00   7.7170775e-01
   1.0029406e+02   1.0000263e+00   5.7090673e-01   5.2721069e+00   7.7152256e-01
   1.0085776e+02   1.0000268e+00   5.7090614e-01   5.2734825e+00   7.7133685e-01
   1.0142147e+02   1.0000273e+00   5.7090556e-01   5.2748345e+00   7.7115598e-01
   1.0198518e+02   1.0000278e+00   5.7090498e-01   5.2761636e+00   7.7097982e-01
   1.0254888e+02   1.0000282e+00   5.7090440e-01   5.2774701e+00   7.7080827e-01
   1.0311259e+02   1.0000287e+00   5.7090381e-01   5.2787548e+00   7.7064120e-01
   1.0367629e+02   1.0000292e+00   5.7090323e-01   5.2800181e+00   7.7047852e-01
   1.0424000e+02   1.0000296e+00   5.7090264e-01   5.2812605e+00   7.7032011e-01
   1.0482079e+02   1.0000301e+00   5.7090204e-01   5.2825193e+00   7.7016125e-01
   1.0540157e+02   1.0000306e+00   5.7090144e-01   5.2837571e+00   7.7000671e-01
   1.0598236e+02   1.0000311e+00   5.7090084e-01   5.2849743e+00   7.6985637e-01
   1.0656315e+02   1.0000316e+00   5.7090023e-01   5.2861715e+00   7.6971014e-01
   1.0714394e+02   1.0000321e+00   5.7089963e-01   5.2873492e+00   7.6956790e-01
   1.0772473e+02   1.0000326e+00   5.7089902e-01   5.2885079e+00   7.6942955e-01
   1.0830551e+02   1.0000331e+00   5.7089842e-01   5.2896480e+00   7.6929500e-01
   1.0890116e+02   1.0000336e+00   5.7089780e-01   5.2907985e+00   7.6916086e-01
   1.0949681e+02   1.0000341e+00   5.7089717e-01   5.2919305e+00   7.6903050e-01
   1.1009246e+02   1.0000346e+00   5.7089655e-01   5.2930444e+00   7.6890385e-01
   1.1068810e+02   1.0000351e+00   5.7089593e-01   5.2941408e+00   7.6878079e-01
   1.1128375e+02   1.0000356e+00   5.7089531e-01   5.2952200e+00   7.6866124e-01
   1.1187940e+02   1.0000361e+00   5.7089468e-01   5.2962825e+00   7.6854511e-01
   1.1247505e+02   1.0000366e+00   5.7089406e-01   5.2973287e+00   7.6843231e-01
   1.1309285e+02   1.0000371e+00   5.7089341e-01   5.2983970e+00   7.6831873e-01
   1.1371065e+02   1.0000376e+00   5.7089277e-01   5.2994488e+00   7.6820855e-01
   1.1432846e+02   1.0000381e+00   5.7089212e-01   5.3004844e+00   7.6810168e-01
   1.1494626e+02   1.0000387e+00   5.7089147e-01   5.3015043e+00   7.6799802e-01
   1.1556406e+02   1.0000392e+00   5.7089082e-01   5.3025089e+00   7.6789750e-01
   1.1618187e+02   1.0000397e+00   5.7089017e-01   5.3034986e+00   7.6780002e-01
   1.1679967e+02   1.0000402e+00   5.7088953e-01   5.3044737e+00   7.6770551e-01
   1.1743408e+02   1.0000408e+00   5.7088886e-01   5.3054604e+00   7.6761146e-01
   1.1806848e+02   1.0000413e+00   5.7088819e-01   5.3064326e+00   7.6752037e-01
   1.1870289e+02   1.0000419e+00   5.7088752e-01   5.3073907e+00   7.6743216e-01
   1.1933729e+02   1.0000424e+00   5.7088686e-01   5.3083350e+00   7.6734675e-01
   1.1997170e+02   1.0000429e+00   5.7088619e-01   5.3092661e+00   7.6726406e-01
   1.2060611e+02   1.0000435e+00   5.7088552e-01   5.3101842e+00   7.6718402e-01
   1.2124051e+02   1.0000440e+00   5.7088485e-01   5.3110896e+00   7.6710656e-01
   1.2188865e+02   1.0000446e+00   5.7088417e-01   5.3120020e+00   7.6703001e-01
   1.2253679e+02   1.0000451e+00   5.7088349e-01   5.3129020e+00   7.6695599e-01
   1.2318493e+02   1.0000457e+00   5.7088280e-01   5.3137898e+00   7.6688446e-01
   1.2383306e+02   1.0000462e+00   5.7088212e-01   5.3146658e+00   7.6681532e-01
   1.2448120e+02   1.0000468e+00   5.7088144e-01   5.3155305e+00   7.6674851e-01
   1.2512934e+02   1.0000473e+00   5.7088075e-01   5.3163840e+00   7.6668398e-01
   1.2577748e+02   1.0000479e+00   5.7088007e-01   5.3172267e+00   7.6662165e-01
   1.2645191e+02   1.0000485e+00   5.7087935e-01   5.3180924e+00   7.6655907e-01
   1.2712633e+02   1.0000490e+00   5.7087864e-01   5.3189470e+00   7.6649874e-01
   1.2780076e+02   1.0000496e+00   5.7087793e-01   5.3197909e+00   7.6644060e-01
   1.2847519e+02   1.0000502e+00   5.7087722e-01   5.3206244e+00   7.6638458e-01
   1.2914962e+02   1.0000508e+00   5.7087650e-01   5.3214478e+00   7.6633063e-01
   1.2982404e+02   1.0000513e+00   5.7087579e-01   5.3222614e+00   7.6627868e-01
   1.3049847e+02   1.0000519e+00   5.7087508e-01   5.3230654e+00   7.6622867e-01
   1.3119862e+02   1.0000525e+00   5.7087434e-01   5.3238902e+00   7.6617876e-01
   1.3189877e+02   1.0000531e+00   5.7087359e-01   5.3247054e+00   7.6613081e-01
   1.3259892e+02   1.0000537e+00   5.7087285e-01   5.3255112e+00   7.6608478e-01
   1.3329907e+02   1.0000543e+00   5.7087211e-01   5.3263079e+00   7.6604061e-01
   1.3399922e+02   1.0000549e+00   5.7087137e-01   5.3270957e+00   7.6599824e-01
   1.3469937e+02   1.0000555e+00   5.7087063e-01   5.3278749e+00   7.6595761e-01
   1.3539952e+02   1.0000561e+00   5.7086989e-01   5.3286458e+00   7.6591867e-01
   1.3612876e+02   1.0000567e+00   5.7086911e-01   5.3294402e+00   7.6587987e-01
   1.3685799e+02   1.0000574e+00   5.7086834e-01   5.3302261e+00   7.6584279e-01
   1.3758723e+02   1.0000580e+00   5.7086757e-01   5.3310037e+00   7.6580737e-01
   1.3831646e+02   1.0000586e+00   5.7086679e-01   5.3317734e+00   7.6577358e-01
   1.3904570e+02   1.0000592e+00   5.7086602e-01   5.3325354e+00   7.6574136e-01
   1.3977493e+02   1.0000599e+00   5.7086525e-01   5.3332899e+00   7.6571065e-01
   1.4050417e+02   1.0000605e+00   5.7086447e-01   5.3340372e+00   7.6568142e-01
   1.4126078e+02   1.0000611e+00   5.7086367e-01   5.3348051e+00   7.6565259e-01
   1.4201740e+02   1.0000618e+00   5.7086287e-01   5.3355657e+00   7.6562525e-01
   1.4277401e+02   1.0000624e+00   5.7086207e-01   5.3363192e+00   7.6559934e-01
   1.4353063e+02   1.0000631e+00   5.7086126e-01   5.3370659e+00   7.6557482e-01
   1.4428724e+02   1.0000637e+00   5.7086046e-01   5.3378059e+00   7.6555165e-01
   1.4504386e+02   1.0000644e+00   5.7085966e-01   5.3385396e+00   7.6552977e-01
   1.4580047e+02   1.0000650e+00   5.7085885e-01   5.3392670e+00   7.6550915e-01
   1.4658161e+02   1.0000657e+00   5.7085802e-01   5.3400117e+00   7.6548914e-01
   1.4736275e+02   1.0000664e+00   5.7085719e-01   5.3407503e+00   7.6547039e-01
   1.4814389e+02   1.0000670e+00   5.7085636e-01   5.3414828e+00   7.6545284e-01
   1.4892503e+02   1.0000677e+00   5.7085553e-01   5.3422096e+00   7.6543647e-01
   1.4970617e+02   1.0000684e+00   5.7085471e-01   5.3429308e+00   7.6542123e-01
   1.5048731e+02   1.0000691e+00   5.7085388e-01   5.3436466e+00   7.6540708e-01
   1.5126845e+02   1.0000697e+00   5.7085305e-01   5.3443571e+00   7.6539399e-01
   1.5208467e+02   1.0000704e+00   5.7085218e-01   5.3450942e+00   7.6538140e-01
   1.5290089e+02   1.0000711e+00   5.7085131e-01   5.3458259e+00   7.6536988e-01
   1.5371711e+02   1.0000718e+00   5.7085044e-01   5.3465525e+00   7.6535941e-01
   1.5453333e+02   1.0000725e+00   5.7084958e-01   5.3472742e+00   7.6534994e-01
   1.5534955e+02   1.0000732e+00   5.7084871e-01   5.3479910e+00   7.6534143e-01
   1.5616577e+02   1.0000739e+00   5.7084784e-01   5.3487033e+00   7.6533386e-01
   1.5698199e+02   1.0000746e+00   5.7084698e-01   5.3494110e+00   7.6532718e-01
   1.5782922e+02   1.0000754e+00   5.7084607e-01   5.3501412e+00   7.6532118e-01
   1.5867645e+02   1.0000761e+00   5.7084517e-01   5.3508668e+00   7.6531607e-01
   1.5952369e+02   1.0000768e+00   5.7084427e-01   5.3515881e+00   7.6531184e-01
   1.6037092e+02   1.0000775e+00   5.7084337e-01   5.3523053e+00   7.6530844e-01
   1.6121815e+02   1.0000783e+00   5.7084247e-01   5.3530184e+00   7.6530585e-01
   1.6206538e+02   1.0000790e+00   5.7084157e-01   5.3537277e+00   7.6530403e-01
   1.6291262e+02   1.0000797e+00   5.7084067e-01   5.3544333e+00   7.6530297e-01
   1.6379600e+02   1.0000805e+00   5.7083973e-01   5.3551651e+00   7.6530263e-01
   1.6467938e+02   1.0000812e+00   5.7083879e-01   5.3558931e+00   7.6530305e-01
   1.6556276e+02   1.0000820e+00   5.7083786e-01   5.3566176e+00   7.6530419e-01
   1.6644614e+02   1.0000828e+00   5.7083692e-01   5.3573385e+00   7.6530603e-01
   1.6732953e+02   1.0000835e+00   5.7083598e-01   5.3580561e+00   7.6530855e-01
   1.6821291e+02   1.0000843e+00   5.7083504e-01   5.3587705e+00   7.6531171e-01
   1.6909629e+02   1.0000850e+00   5.7083410e-01   5.3594817e+00   7.6531550e-01
   1.7002448e+02   1.0000858e+00   5.7083311e-01   5.3602258e+00   7.6532012e-01
   1.7095267e+02   1.0000866e+00   5.7083213e-01   5.3609668e+00   7.6532538e-01
   1.7188087e+02   1.0000874e+00   5.7083114e-01   5.3617046e+00   7.6533126e-01
   1.7280906e+02   1.0000882e+00   5.7083016e-01   5.3624396e+00   7.6533771e-01
   1.7373725e+02   1.0000890e+00   5.7082917e-01   5.3631717e+00   7.6534473e-01
   1.7466544e+02   1.0000898e+00   5.7082818e-01   5.3639011e+00   7.6535229e-01
   1.7559364e+02   1.0000906e+00   5.7082720e-01   5.3646279e+00   7.6536037e-01
   1.7656985e+02   1.0000915e+00   5.7082616e-01   5.3653895e+00   7.6536941e-01
   1.7754607e+02   1.0000923e+00   5.7082512e-01   5.3661486e+00   7.6537897e-01
   1.7852229e+02   1.0000931e+00   5.7082408e-01   5.3669050e+00   7.6538904e-01
   1.7949850e+02   1.0000940e+00   5.7082305e-01   5.3676591e+00   7.6539960e-01
   1.8047472e+02   1.0000948e+00   5.7082201e-01   5.3684108e+00   7.6541062e-01
   1.8145094e+02   1.0000956e+00   5.7082097e-01   5.3691602e+00   7.6542208e-01
   1.8242716e+02   1.0000965e+00   5.7081994e-01   5.3699075e+00   7.6543398e-01
   1.8343549e+02   1.0000973e+00   5.7081887e-01   5.3706772e+00   7.6544669e-01
   1.8444381e+02   1.0000982e+00   5.7081780e-01   5.3714447e+00   7.6545982e-01
   1.8545214e+02   1.0000991e+00   5.7081672e-01   5.3722102e+00   7.6547335e-01
   1.8646047e+02   1.0000999e+00   5.7081565e-01   5.3729738e+00   7.6548727e-01
   1.8746880e+02   1.0001008e+00   5.7081458e-01   5.3737356e+00   7.6550154e-01
   1.8847713e+02   1.0001017e+00   5.7081351e-01   5.3744955e+00   7.6551617e-01
   1.8948546e+02   1.0001025e+00   5.7081244e-01   5.3752537e+00   7.6553114e-01
   1.9056155e+02   1.0001035e+00   5.7081130e-01   5.3760611e+00   7.6554746e-01
   1.9163764e+02   1.0001044e+00   5.7081016e-01   5.3768667e+00   7.6556413e-01
   1.9271372e+02   1.0001053e+00   5.7080901e-01   5.3776705e+00   7.6558113e-01
   1.9378981e+02   1.0001062e+00   5.7080787e-01   5.3784728e+00   7.6559845e-01
   1.9486590e+02   1.0001072e+00   5.7080673e-01   5.3792735e+00   7.6561608e-01
   1.9594199e+02   1.0001081e+00   5.7080559e-01   5.3800727e+00   7.6563399e-01
   1.9701807e+02   1.0001090e+00   5.7080445e-01   5.3808704e+00   7.6565217e-01
   1.9814046e+02   1.0001100e+00   5.7080326e-01   5.3817011e+00   7.6567142e-01
   1.9926285e+02   1.0001109e+00   5.7080207e-01   5.3825303e+00   7.6569094e-01
   2.0038524e+02   1.0001119e+00   5.7080087e-01   5.3833582e+00   7.6571072e-01
   2.0150763e+02   1.0001128e+00   5.7079968e-01   5.3841848e+00   7.6573075e-01
   2.0263001e+02   1.0001138e+00   5.7079849e-01   5.3850101e+00   7.6575101e-01
   2.0375240e+02   1.0001148e+00   5.7079730e-01   5.3858343e+00   7.6577149e-01
   2.0487479e+02   1.0001157e+00   5.7079611e-01   5.3866573e+00   7.6579219e-01
   2.0607201e+02   1.0001168e+00   5.7079484e-01   5.3875341e+00   7.6581448e-01
   2.0726924e+02   1.0001178e+00   5.7079357e-01   5.3884097e+00   7.6583700e-01
   2.0846646e+02   1.0001188e+00   5.7079231e-01   5.3892842e+00   7.6585972e-01
   2.0966369e+02   1.0001198e+00   5.7079104e-01   5.3901576e+00   7.6588264e-01
   2.1086091e+02   1.0001209e+00   5.7078977e-01   5.3910300e+00   7.6590575e-01
   2.1205814e+02   1.0001219e+00   5.7078850e-01   5.3919015e+00   7.6592903e-01
   2.1325537e+02   1.0001229e+00   5.7078723e-01   5.3927721e+00   7.6595248e-01
   2.1454144e+02   1.0001240e+00   5.7078587e-01   5.3937063e+00   7.6597785e-01
   2.1582751e+02   1.0001251e+00   5.7078451e-01   5.3946395e+00   7.6600339e-01
   2.1711359e+02   1.0001262e+00   5.7078314e-01   5.3955719e+00   7.6602910e-01
   2.1839966e+02   1.0001273e+00   5.7078178e-01   5.3965034e+00   7.6605495e-01
   2.1968573e+02   1.0001284e+00   5.7078042e-01   5.3974340e+00   7.6608096e-01
   2.2097181e+02   1.0001295e+00   5.7077906e-01   5.3983639e+00   7.6610710e-01
   2.2225788e+02   1.0001306e+00   5.7077770e-01   5.3992931e+00   7.6613338e-01
   2.2360369e+02   1.0001318e+00   5.7077627e-01   5.4002647e+00   7.6616100e-01
   2.2494951e+02   1.0001329e+00   5.7077485e-01   5.4012355e+00   7.6618875e-01
   2.2629532e+02   1.0001341e+00   5.7077342e-01   5.4022056e+00   7.6621662e-01
   2.2764113e+02   1.0001352e+00   5.7077200e-01   5.4031751e+00   7.6624461e-01
   2.2898694e+02   1.0001364e+00   5.7077058e-01   5.4041440e+00   7.6627270e-01
   2.3033275e+02   1.0001375e+00   5.7076915e-01   5.4051122e+00   7.6630088e-01
   2.3167857e+02   1.0001387e+00   5.7076773e-01   5.4060799e+00   7.6632917e-01
   2.3313467e+02   1.0001399e+00   5.7076619e-01   5.4071263e+00   7.6635986e-01
   2.3459078e+02   1.0001412e+00   5.7076465e-01   5.4081721e+00   7.6639066e-01
   2.3604689e+02   1.0001424e+00   5.7076311e-01   5.4092173e+00   7.6642155e-01
   2.3750300e+02   1.0001437e+00   5.7076157e-01   5.4102620e+00   7.6645252e-01
   2.3895911e+02   1.0001449e+00   5.7076003e-01   5.4113062e+00   7.6648356e-01
   2.4041522e+02   1.0001461e+00   5.7075849e-01   5.4123499e+00   7.6651469e-01
   2.4187133e+02   1.0001474e+00   5.7075695e-01   5.4133931e+00   7.6654588e-01
   2.4344159e+02   1.0001487e+00   5.7075530e-01   5.4145176e+00   7.6657959e-01
   2.4501185e+02   1.0001501e+00   5.7075364e-01   5.4156417e+00   7.6661337e-01
   2.4658210e+02   1.0001514e+00   5.7075198e-01   5.4167653e+00   7.6664721e-01
   2.4815236e+02   1.0001527e+00   5.7075032e-01   5.4178884e+00   7.6668111e-01
   2.4972262e+02   1.0001541e+00   5.7074866e-01   5.4190111e+00   7.6671507e-01
   2.5129287e+02   1.0001554e+00   5.7074701e-01   5.4201335e+00   7.6674908e-01
   2.5286313e+02   1.0001568e+00   5.7074535e-01   5.4212554e+00   7.6678314e-01
   2.5452383e+02   1.0001582e+00   5.7074360e-01   5.4224416e+00   7.6681921e-01
   2.5618452e+02   1.0001596e+00   5.7074184e-01   5.4236274e+00   7.6685532e-01
   2.5784522e+02   1.0001610e+00   5.7074009e-01   5.4248128e+00   7.6689148e-01
   2.5950591e+02   1.0001624e+00   5.7073834e-01   5.4259979e+00   7.6692767e-01
   2.6116661e+02   1.0001638e+00   5.7073659e-01   5.4271827e+00   7.6696390e-01
   2.6282730e+02   1.0001653e+00   5.7073484e-01   5.4283671e+00   7.6700016e-01
   2.6448800e+02   1.0001667e+00   5.7073309e-01   5.4295513e+00   7.6703645e-01
   2.6634296e+02   1.0001683e+00   5.7073113e-01   5.4308736e+00   7.6707702e-01
   2.6819792e+02   1.0001698e+00   5.7072918e-01   5.4321956e+00   7.6711762e-01
   2.7005289e+02   1.0001714e+00   5.7072722e-01   5.4335172e+00   7.6715825e-01
   2.7190785e+02   1.0001730e+00   5.7072527e-01   5.4348386e+00   7.6719890e-01
   2.7376281e+02   1.0001746e+00   5.7072332e-01   5.4361596e+00   7.6723958e-01
   2.7561778e+02   1.0001762e+00   5.7072136e-01   5.4374803e+00   7.6728027e-01
   2.7747274e+02   1.0001777e+00   5.7071941e-01   5.4388008e+00   7.6732098e-01
   2.7950215e+02   1.0001795e+00   5.7071727e-01   5.4402451e+00   7.6736554e-01
   2.8153155e+02   1.0001812e+00   5.7071514e-01   5.4416891e+00   7.6741012e-01
   2.8356096e+02   1.0001829e+00   5.7071300e-01   5.4431328e+00   7.6745471e-01
   2.8559037e+02   1.0001846e+00   5.7071087e-01   5.4445762e+00   7.6749931e-01
   2.8761978e+02   1.0001864e+00   5.7070874e-01   5.4460194e+00   7.6754392e-01
   2.8964918e+02   1.0001881e+00   5.7070660e-01   5.4474622e+00   7.6758854e-01
   2.9167859e+02   1.0001898e+00   5.7070447e-01   5.4489048e+00   7.6763316e-01
   2.9391825e+02   1.0001917e+00   5.7070212e-01   5.4504966e+00   7.6768242e-01
   2.9615791e+02   1.0001936e+00   5.7069976e-01   5.4520881e+00   7.6773168e-01
   2.9839758e+02   1.0001955e+00   5.7069741e-01   5.4536792e+00   7.6778094e-01
   3.0063724e+02   1.0001974e+00   5.7069506e-01   5.4552701e+00   7.6783020e-01
   3.0287690e+02   1.0001993e+00   5.7069271e-01   5.4568607e+00   7.6787947e-01
   3.0511656e+02   1.0002012e+00   5.7069036e-01   5.4584510e+00   7.6792873e-01
   3.0735622e+02   1.0002031e+00   5.7068801e-01   5.4600410e+00   7.6797800e-01
   3.0984094e+02   1.0002052e+00   5.7068540e-01   5.4618048e+00   7.6803264e-01
   3.1232567e+02   1.0002073e+00   5.7068279e-01   5.4635682e+00   7.6808729e-01
   3.1481039e+02   1.0002094e+00   5.7068019e-01   5.4653312e+00   7.6814192e-01
   3.1729511e+02   1.0002115e+00   5.7067758e-01   5.4670940e+00   7.6819656e-01
   3.1977984e+02   1.0002136e+00   5.7067498e-01   5.4688565e+00   7.6825118e-01
   3.2226456e+02   1.0002157e+00   5.7067237e-01   5.4706187e+00   7.6830579e-01
   3.2474928e+02   1.0002179e+00   5.7066977e-01   5.4723805e+00   7.6836039e-01
   3.2756189e+02   1.0002202e+00   5.7066683e-01   5.4743745e+00   7.6842219e-01
   3.3037449e+02   1.0002226e+00   5.7066388e-01   5.4763682e+00   7.6848398e-01
   3.3318709e+02   1.0002250e+00   5.7066094e-01   5.4783614e+00   7.6854574e-01
   3.3599969e+02   1.0002274e+00   5.7065800e-01   5.4803543e+00   7.6860750e-01
   3.3881230e+02   1.0002298e+00   5.7065505e-01   5.4823468e+00   7.6866923e-01
   3.4162490e+02   1.0002321e+00   5.7065211e-01   5.4843390e+00   7.6873096e-01
   3.4443750e+02   1.0002345e+00   5.7064917e-01   5.4863308e+00   7.6879266e-01
   3.4765317e+02   1.0002372e+00   5.7064581e-01   5.4886076e+00   7.6886319e-01
   3.5086884e+02   1.0002399e+00   5.7064245e-01   5.4908840e+00   7.6893369e-01
   3.5408451e+02   1.0002427e+00   5.7063910e-01   5.4931599e+00   7.6900417e-01
   3.5730018e+02   1.0002454e+00   5.7063574e-01   5.4954353e+00   7.6907462e-01
   3.6051585e+02   1.0002481e+00   5.7063238e-01   5.4977103e+00   7.6914505e-01
   3.6373152e+02   1.0002508e+00   5.7062903e-01   5.4999848e+00   7.6921546e-01
   3.6694719e+02   1.0002535e+00   5.7062568e-01   5.5022589e+00   7.6928584e-01
   3.7065780e+02   1.0002566e+00   5.7062181e-01   5.5048824e+00   7.6936703e-01
   3.7436841e+02   1.0002598e+00   5.7061794e-01   5.5075053e+00   7.6944817e-01
   3.7807902e+02   1.0002629e+00   5.7061408e-01   5.5101276e+00   7.6952929e-01
   3.8178963e+02   1.0002660e+00   5.7061021e-01   5.5127493e+00   7.6961037e-01
   3.8550024e+02   1.0002691e+00   5.7060635e-01   5.5153704e+00   7.6969142e-01
   3.8921085e+02   1.0002722e+00   5.7060249e-01   5.5179910e+00   7.6977243e-01
   3.9292146e+02   1.0002754e+00   5.7059863e-01   5.5206109e+00   7.6985341e-01
   3.9727930e+02   1.0002790e+00   5.7059410e-01   5.5236870e+00   7.6994847e-01
   4.0163714e+02   1.0002827e+00   5.7058957e-01   5.5267623e+00   7.7004348e-01
   4.0599499e+02   1.0002863e+00   5.7058505e-01   5.5298368e+00   7.7013844e-01
   4.1035283e+02   1.0002900e+00   5.7058052e-01   5.5329105e+00   7.7023335e-01
   4.1471067e+02   1.0002937e+00   5.7057600e-01   5.5359833e+00   7.7032822e-01
   4.1906851e+02   1.0002973e+00   5.7057148e-01   5.5390553e+00   7.7042304e-01
   4.2342636e+02   1.0003010e+00   5.7056696e-01   5.5421265e+00   7.7051780e-01
   4.2867720e+02   1.0003054e+00   5.7056152e-01   5.5458260e+00   7.7063193e-01
   4.3392804e+02   1.0003098e+00   5.7055609e-01   5.5495242e+00   7.7074598e-01
   4.3917889e+02   1.0003142e+00   5.7055065e-01   5.5532213e+00   7.7085996e-01
   4.4442973e+02   1.0003185e+00   5.7054522e-01   5.5569172e+00   7.7097388e-01
   4.4968057e+02   1.0003229e+00   5.7053979e-01   5.5606118e+00   7.7108772e-01
   4.5493142e+02   1.0003273e+00   5.7053437e-01   5.5643053e+00   7.7120149e-01
   4.6018226e+02   1.0003317e+00   5.7052894e-01   5.5679976e+00   7.7131519e-01
   4.6706202e+02   1.0003374e+00   5.7052184e-01   5.5728335e+00   7.7146406e-01
   4.7394177e+02   1.0003432e+00   5.7051475e-01   5.5776673e+00   7.7161281e-01
   4.8082153e+02   1.0003489e+00   5.7050766e-01   5.5824991e+00   7.7176143e-01
   4.8770129e+02   1.0003546e+00   5.7050057e-01   5.5873289e+00   7.7190994e-01
   4.9458104e+02   1.0003604e+00   5.7049349e-01   5.5921565e+00   7.7205832e-01
   5.0146080e+02   1.0003661e+00   5.7048642e-01   5.5969822e+00   7.7220658e-01
   5.0834055e+02   1.0003718e+00   5.7047935e-01   5.6018057e+00   7.7235473e-01
   5.1755095e+02   1.0003795e+00   5.7046990e-01   5.6082602e+00   7.7255287e-01
   5.2676135e+02   1.0003871e+00   5.7046045e-01   5.6147109e+00   7.7275079e-01
   5.3597175e+02   1.0003947e+00   5.7045101e-01   5.6211579e+00   7.7294850e-01
   5.4518214e+02   1.0004023e+00   5.7044158e-01   5.6276013e+00   7.7314600e-01
   5.5439254e+02   1.0004100e+00   5.7043216e-01   5.6340410e+00   7.7334327e-01
   5.6360294e+02   1.0004176e+00   5.7042275e-01   5.6404769e+00   7.7354034e-01
   5.7281334e+02   1.0004252e+00   5.7041335e-01   5.6469092e+00   7.7373719e-01
   5.8611454e+02   1.0004361e+00   5.7039979e-01   5.6561918e+00   7.7402109e-01
   5.9941575e+02   1.0004471e+00   5.7038625e-01   5.6654667e+00   7.7430455e-01
   6.1271695e+02   1.0004580e+00   5.7037273e-01   5.6747339e+00   7.7458756e-01
   6.2601816e+02   1.0004689e+00   5.7035923e-01   5.6839934e+00   7.7487013e-01
   6.3931936e+02   1.0004799e+00   5.7034574e-01   5.6932451e+00   7.7515225e-01
   6.5262057e+02   1.0004907e+00   5.7033228e-01   5.7024891e+00   7.7543393e-01
   6.6592177e+02   1.0005016e+00   5.7031883e-01   5.7117253e+00   7.7571516e-01
   6.8326207e+02   1.0005158e+00   5.7030133e-01   5.7237547e+00   7.7608114e-01
   7.0060238e+02   1.0005299e+00   5.7028386e-01   5.7357708e+00   7.7644636e-01
   7.1794268e+02   1.0005440e+00   5.7026643e-01   5.7477738e+00   7.7681083e-01
   7.3528298e+02   1.0005581e+00   5.7024902e-01   5.7597635e+00   7.7717456e-01
   7.5262328e+02   1.0005721e+00   5.7023165e-01   5.7717400e+00   7.7753754e-01
   7.6996359e+02   1.0005862e+00   5.7021430e-01   5.7837033e+00   7.7789977e-01
   7.9179401e+02   1.0006038e+00   5.7019252e-01   5.7987456e+00   7.7835475e-01
   8.1362444e+02   1.0006214e+00   5.7017078e-01   5.8137670e+00   7.7880855e-01
   8.3545487e+02   1.0006389e+00   5.7014909e-01   5.8287673e+00   7.7926118e-01
   8.5728530e+02   1.0006564e+00   5.7012746e-01   5.8437466e+00   7.7971264e-01
   8.7911573e+02   1.0006739e+00   5.7010587e-01   5.8587048e+00   7.8016294e-01
   9.0094616e+02   1.0006913e+00   5.7008433e-01   5.8736421e+00   7.8061207e-01
   9.3763246e+02   1.0007205e+00   5.7004824e-01   5.8986968e+00   7.8136423e-01
   9.7431877e+02   1.0007496e+00   5.7001230e-01   5.9236919e+00   7.8211313e-01
   1.0110051e+03   1.0007786e+00   5.6997649e-01   5.9486275e+00   7.8285878e-01
   1.0476914e+03   1.0008075e+00   5.6994082e-01   5.9735033e+00   7.8360119e-01
   1.0843777e+03   1.0008362e+00   5.6990528e-01   5.9983195e+00   7.8434038e-01
   1.1210640e+03   1.0008649e+00   5.6986988e-01   6.0230758e+00   7.8507637e-01
   1.1577503e+03   1.0008934e+00   5.6983462e-01   6.0477724e+00   7.8580916e-01
   1.1944366e+03   1.0009218e+00   5.6979949e-01   6.0724091e+00   7.8653877e-01
   1.2346253e+03   1.0009529e+00   5.6976117e-01   6.0993290e+00   7.8733441e-01
   1.2748140e+03   1.0009838e+00   5.6972300e-01   6.1261771e+00   7.8812626e-01
   1.3150027e+03   1.0010145e+00   5.6968499e-01   6.1529531e+00   7.8891435e-01
   1.3551914e+03   1.0010452e+00   5.6964714e-01   6.1796572e+00   7.8969870e-01
   1.3953801e+03   1.0010757e+00   5.6960945e-01   6.2062892e+00   7.9047932e-01
   1.4355688e+03   1.0011061e+00   5.6957192e-01   6.2328492e+00   7.9125623e-01
   1.4757575e+03   1.0011364e+00   5.6953454e-01   6.2593372e+00   7.9202945e-01
   1.5216148e+03   1.0011708e+00   5.6949208e-01   6.2894732e+00   7.9290725e-01
   1.5674721e+03   1.0012050e+00   5.6944982e-01   6.3195154e+00   7.9378029e-01
   1.6133294e+03   1.0012391e+00   5.6940777e-01   6.3494637e+00   7.9464861e-01
   1.6591867e+03   1.0012730e+00   5.6936591e-01   6.3793181e+00   7.9551222e-01
   1.7050440e+03   1.0013067e+00   5.6932425e-01   6.4090787e+00   7.9637116e-01
   1.7509013e+03   1.0013403e+00   5.6928278e-01   6.4387456e+00   7.9722545e-01
   1.7967587e+03   1.0013737e+00   5.6924151e-01   6.4683186e+00   7.9807512e-01
   1.8426160e+03   1.0014070e+00   5.6920044e-01   6.4977978e+00   7.9892019e-01
   1.8913291e+03   1.0014422e+00   5.6915702e-01   6.5290103e+00   7.9981289e-01
   1.9400423e+03   1.0014772e+00   5.6911382e-01   6.5601171e+00   8.0070047e-01
   1.9887554e+03   1.0015121e+00   5.6907083e-01   6.5911183e+00   8.0158295e-01
   2.0270434e+03   1.0015393e+00   5.6903719e-01   6.6154108e+00   8.0227301e-01
   2.0653315e+03   1.0015665e+00   5.6900369e-01   6.6396381e+00   8.0295997e-01
   2.0960634e+03   1.0015882e+00   5.6897689e-01   6.6590371e+00   8.0350911e-01
   2.1195650e+03   1.0016048e+00   5.6895645e-01   6.6738437e+00   8.0392771e-01
   2.1430665e+03   1.0016213e+00   5.6893607e-01   6.6886258e+00   8.0434516e-01
   2.1665680e+03   1.0016378e+00   5.6891573e-01   6.7033834e+00   8.0476145e-01
   2.1900696e+03   1.0016542e+00   5.6889544e-01   6.7181166e+00   8.0517659e-01
   2.2135711e+03   1.0016706e+00   5.6887520e-01   6.7328252e+00   8.0559057e-01
   2.2370727e+03   1.0016870e+00   5.6885501e-01   6.7475094e+00   8.0600342e-01
   2.2605742e+03   1.0017033e+00   5.6883486e-01   6.7621691e+00   8.0641512e-01
   2.2840757e+03   1.0017196e+00   5.6881477e-01   6.7768044e+00   8.0682568e-01
   2.3075773e+03   1.0017359e+00   5.6879472e-01   6.7914153e+00   8.0723511e-01
   2.3310788e+03   1.0017521e+00   5.6877472e-01   6.8060017e+00   8.0764341e-01
   2.3545803e+03   1.0017683e+00   5.6875477e-01   6.8205637e+00   8.0805058e-01
   2.3780819e+03   1.0017844e+00   5.6873486e-01   6.8351014e+00   8.0845663e-01
   2.4021219e+03   1.0018009e+00   5.6871455e-01   6.8499469e+00   8.0887082e-01
   2.4261619e+03   1.0018173e+00   5.6869429e-01   6.8647670e+00   8.0928384e-01
   2.4502019e+03   1.0018337e+00   5.6867408e-01   6.8795616e+00   8.0969569e-01
   2.4742419e+03   1.0018501e+00   5.6865392e-01   6.8943307e+00   8.1010638e-01
   2.4982819e+03   1.0018664e+00   5.6863380e-01   6.9090744e+00   8.1051592e-01
   2.5223219e+03   1.0018826e+00   5.6861374e-01   6.9237927e+00   8.1092430e-01
   2.5468537e+03   1.0018992e+00   5.6859332e-01   6.9387859e+00   8.1133984e-01
   2.5713855e+03   1.0019157e+00   5.6857294e-01   6.9537527e+00   8.1175420e-01
   2.5959174e+03   1.0019322e+00   5.6855262e-01   6.9686931e+00   8.1216736e-01
   2.6204492e+03   1.0019487e+00   5.6853235e-01   6.9836071e+00   8.1257933e-01
   2.6449810e+03   1.0019651e+00   5.6851212e-01   6.9984947e+00   8.1299012e-01
   2.6695129e+03   1.0019814e+00   5.6849195e-01   7.0133560e+00   8.1339973e-01
   2.7012445e+03   1.0020025e+00   5.6846593e-01   7.0325399e+00   8.1392781e-01
   2.7329761e+03   1.0020236e+00   5.6844000e-01   7.0516798e+00   8.1445393e-01
   2.7647078e+03   1.0020445e+00   5.6841415e-01   7.0707757e+00   8.1497810e-01
   2.7964394e+03   1.0020655e+00   5.6838838e-01   7.0898277e+00   8.1550033e-01
   2.8281710e+03   1.0020863e+00   5.6836269e-01   7.1088359e+00   8.1602062e-01
   2.8599027e+03   1.0021071e+00   5.6833709e-01   7.1278003e+00   8.1653898e-01
   2.8934395e+03   1.0021290e+00   5.6831011e-01   7.1477960e+00   8.1708475e-01
   2.9269763e+03   1.0021508e+00   5.6828323e-01   7.1677428e+00   8.1762838e-01
   2.9605131e+03   1.0021725e+00   5.6825644e-01   7.1876410e+00   8.1816988e-01
   2.9940499e+03   1.0021942e+00   5.6822974e-01   7.2074904e+00   8.1870927e-01
   3.0275868e+03   1.0022158e+00   5.6820313e-01   7.2272913e+00   8.1924656e-01
   3.0611236e+03   1.0022373e+00   5.6817660e-01   7.2470436e+00   8.1978174e-01
   3.0961666e+03   1.0022597e+00   5.6814899e-01   7.2676312e+00   8.2033874e-01
   3.1312096e+03   1.0022821e+00   5.6812147e-01   7.2881659e+00   8.2089346e-01
   3.1662526e+03   1.0023043e+00   5.6809404e-01   7.3086479e+00   8.2144592e-01
   3.2012957e+03   1.0023265e+00   5.6806671e-01   7.3290772e+00   8.2199614e-01
   3.2363387e+03   1.0023486e+00   5.6803948e-01   7.3494538e+00   8.2254411e-01
   3.2713817e+03   1.0023706e+00   5.6801234e-01   7.3697779e+00   8.2308986e-01
   3.3298676e+03   1.0024072e+00   5.6796726e-01   7.4035816e+00   8.2399577e-01
   3.3883535e+03   1.0024436e+00   5.6792244e-01   7.4372394e+00   8.2489555e-01
   3.4468394e+03   1.0024798e+00   5.6787788e-01   7.4707520e+00   8.2578925e-01
   3.5053253e+03   1.0025158e+00   5.6783358e-01   7.5041195e+00   8.2667691e-01
   3.5638112e+03   1.0025516e+00   5.6778953e-01   7.5373426e+00   8.2755858e-01
   3.6222971e+03   1.0025871e+00   5.6774574e-01   7.5704215e+00   8.2843432e-01
   3.6807830e+03   1.0026225e+00   5.6770221e-01   7.6033567e+00   8.2930415e-01
   3.7425957e+03   1.0026596e+00   5.6765647e-01   7.6380096e+00   8.3021711e-01
   3.8044084e+03   1.0026966e+00   5.6761100e-01   7.6725030e+00   8.3112359e-01
   3.8662212e+03   1.0027333e+00   5.6756582e-01   7.7068374e+00   8.3202364e-01
   3.9280339e+03   1.0027698e+00   5.6752091e-01   7.7410132e+00   8.3291732e-01
   3.9898466e+03   1.0028060e+00   5.6747627e-01   7.7750311e+00   8.3380467e-01
   4.0516593e+03   1.0028421e+00   5.6743190e-01   7.8088916e+00   8.3468576e-01
   4.1134720e+03   1.0028779e+00   5.6738780e-01   7.8425951e+00   8.3556063e-01
   4.1761472e+03   1.0029141e+00   5.6734336e-01   7.8766093e+00   8.3644140e-01
   4.2388225e+03   1.0029500e+00   5.6729919e-01   7.9104634e+00   8.3731589e-01
   4.3014977e+03   1.0029856e+00   5.6725529e-01   7.9441578e+00   8.3818415e-01
   4.3641730e+03   1.0030211e+00   5.6721165e-01   7.9776932e+00   8.3904622e-01
   4.4268482e+03   1.0030564e+00   5.6716828e-01   8.0110702e+00   8.3990216e-01
   4.4895235e+03   1.0030914e+00   5.6712518e-01   8.0442893e+00   8.4075202e-01
   4.5521987e+03   1.0031262e+00   5.6708234e-01   8.0773512e+00   8.4159585e-01
   4.6148740e+03   1.0031609e+00   5.6703976e-01   8.1102564e+00   8.4243370e-01
   4.6775492e+03   1.0031953e+00   5.6699743e-01   8.1430055e+00   8.4326562e-01
   4.7413048e+03   1.0032301e+00   5.6695464e-01   8.1761597e+00   8.4410585e-01
   4.8050604e+03   1.0032647e+00   5.6691211e-01   8.2091537e+00   8.4494004e-01
   4.8688160e+03   1.0032990e+00   5.6686984e-01   8.2419881e+00   8.4576826e-01
   4.9208966e+03   1.0033270e+00   5.6683551e-01   8.2686918e+00   8.4644041e-01
   4.9729772e+03   1.0033548e+00   5.6680135e-01   8.2952899e+00   8.4710862e-01
   5.0000000e+03   1.0033691e+00   5.6678369e-01   8.3090491e+00   8.4745380e-01
