   1.6000000e+01
   1.5935937e+01
   1.5871971e+01
   1.5808102e+01
   1.5744330e+01
   1.5680656e+01
   1.5617081e+01
   1.5553603e+01
   1.5490225e+01
   1.5426946e+01
   1.5363766e+01
   1.5300686e+01
   1.5237706e+01
   1.5174826e+01
   1.5112048e+01
   1.5049370e+01
   1.4986794e+01
   1.4924319e+01
   1.4861947e+01
   1.4799677e+01
   1.4737510e+01
   1.4675445e+01
   1.4613485e+01
   1.4551628e+01
   1.4489875e+01
   1.4428227e+01
   1.4366683e+01
   1.4305244e+01
   1.4243911e+01
   1.4182684e+01
   1.4121563e+01
   1.4060548e+01
   1.3999641e+01
   1.3938840e+01
   1.3878147e+01
   1.3817561e+01
   1.3757084e+01
   1.3696716e+01
   1.3636456e+01
   1.3576306e+01
   1.3516265e+01
   1.3456334e+01
   1.3396513e+01
   1.3336803e+01
   1.3277204e+01
   1.3217716e+01
   1.3158340e+01
   1.3099076e+01
   1.3039924e+01
   1.2980885e+01
   1.2921959e+01
   1.2863147e+01
   1.2804448e+01
   1.2745863e+01
   1.2687393e+01
   1.2629037e+01
   1.2570797e+01
   1.2512672e+01
   1.2454664e+01
   1.2396771e+01
   1.2338995e+01
   1.2281336e+01
   1.2223794e+01
   1.2166370e+01
   1.2109063e+01
   1.2051876e+01
   1.1994806e+01
   1.1937856e+01
   1.1881025e+01
   1.1824314e+01
   1.1767724e+01
   1.1711253e+01
   1.1654904e+01
   1.1598675e+01
   1.1542568e+01
   1.1486583e+01
   1.1430721e+01
   1.1374980e+01
   1.1319363e+01
   1.1263869e+01
   1.1208499e+01
   1.1153253e+01
   1.1098131e+01
   1.1043133e+01
   1.0988261e+01
   1.0933514e+01
   1.0878893e+01
   1.0824398e+01
   1.0770030e+01
   1.0715788e+01
   1.0661674e+01
   1.0607687e+01
   1.0553828e+01
   1.0500097e+01
   1.0446495e+01
   1.0393021e+01
   1.0339677e+01
   1.0286462e+01
   1.0233378e+01
   1.0180423e+01
   1.0127600e+01
   1.0074907e+01
   1.0022346e+01
   9.9699159e+00
   9.9176181e+00
   9.8654527e+00
   9.8134200e+00
   9.7615204e+00
   9.7097540e+00
   9.6581214e+00
   9.6066229e+00
   9.5552587e+00
   9.5040292e+00
   9.4529347e+00
   9.4019756e+00
   9.3511523e+00
   9.3004649e+00
   9.2499139e+00
   9.1994997e+00
   9.1492224e+00
   9.0990825e+00
   9.0490802e+00
   8.9992160e+00
   8.9494900e+00
   8.8999027e+00
   8.8504544e+00
   8.8011453e+00
   8.7519758e+00
   8.7029462e+00
   8.6540568e+00
   8.6053079e+00
   8.5566999e+00
   8.5082330e+00
   8.4599075e+00
   8.4117238e+00
   8.3636822e+00
   8.3157829e+00
   8.2680262e+00
   8.2204126e+00
   8.1729421e+00
   8.1256152e+00
   8.0784322e+00
   8.0313932e+00
   7.9844987e+00
   7.9377488e+00
   7.8911440e+00
   7.8446844e+00
   7.7983703e+00
   7.7522020e+00
   7.7061799e+00
   7.6603041e+00
   7.6145749e+00
   7.5689926e+00
   7.5235575e+00
   7.4782698e+00
   7.4331298e+00
   7.3881378e+00
   7.3432939e+00
   7.2985985e+00
   7.2540518e+00
   7.2096540e+00
   7.1654054e+00
   7.1213063e+00
   7.0773568e+00
   7.0335573e+00
   6.9899078e+00
   6.9464088e+00
   6.9030603e+00
   6.8598627e+00
   6.8168161e+00
   6.7739208e+00
   6.7311769e+00
   6.6885848e+00
   6.6461445e+00
   6.6038564e+00
   6.5617205e+00
   6.5197371e+00
   6.4779065e+00
   6.4362287e+00
   6.3947040e+00
   6.3533326e+00
   6.3121146e+00
   6.2710503e+00
   6.2301397e+00
   6.1893831e+00
   6.1487807e+00
   6.1083326e+00
   6.0680389e+00
   6.0278998e+00
   5.9879155e+00
   5.9480861e+00
   5.9084118e+00
   5.8688927e+00
   5.8295289e+00
   5.7903206e+00
   5.7512679e+00
   5.7123710e+00
   5.6736299e+00
   5.6350447e+00
   5.5966156e+00
   5.5583428e+00
   5.5202262e+00
   5.4822659e+00
   5.4444622e+00
   5.4068151e+00
   5.3693246e+00
   5.3319909e+00
   5.2948139e+00
   5.2577939e+00
   5.2209309e+00
   5.1842249e+00
   5.1476760e+00
   5.1112842e+00
   5.0750496e+00
   5.0389723e+00
   5.0030523e+00
   4.9672896e+00
   4.9316842e+00
   4.8962362e+00
   4.8609457e+00
   4.8258125e+00
   4.7908369e+00
   4.7560186e+00
   4.7213578e+00
   4.6868545e+00
   4.6525086e+00
   4.6183202e+00
   4.5842891e+00
   4.5504155e+00
   4.5166992e+00
   4.4831403e+00
   4.4497387e+00
   4.4164944e+00
   4.3834072e+00
   4.3504773e+00
   4.3177044e+00
   4.2850887e+00
   4.2526299e+00
   4.2203280e+00
   4.1881829e+00
   4.1561947e+00
   4.1243630e+00
   4.0926880e+00
   4.0611695e+00
   4.0298073e+00
   3.9986014e+00
   3.9675517e+00
   3.9366580e+00
   3.9059203e+00
   3.8753383e+00
   3.8449120e+00
   3.8146412e+00
   3.7845258e+00
   3.7545657e+00
   3.7247606e+00
   3.6951104e+00
   3.6656150e+00
   3.6362741e+00
   3.6070877e+00
   3.5780555e+00
   3.5491773e+00
   3.5204530e+00
   3.4918823e+00
   3.4634651e+00
   3.4352012e+00
   3.4070903e+00
   3.3791322e+00
   3.3513267e+00
   3.3236736e+00
   3.2961726e+00
   3.2688235e+00
   3.2416261e+00
   3.2145801e+00
   3.1876853e+00
   3.1609414e+00
   3.1343481e+00
   3.1079052e+00
   3.0816124e+00
   3.0554694e+00
   3.0294760e+00
   3.0036318e+00
   2.9779366e+00
   2.9523901e+00
   2.9269919e+00
   2.9017418e+00
   2.8766394e+00
   2.8516845e+00
   2.8268766e+00
   2.8022156e+00
   2.7777010e+00
   2.7533325e+00
   2.7291098e+00
   2.7050326e+00
   2.6811004e+00
   2.6573130e+00
   2.6336699e+00
   2.6101708e+00
   2.5868154e+00
   2.5636033e+00
   2.5405340e+00
   2.5176073e+00
   2.4948227e+00
   2.4721798e+00
   2.4496783e+00
   2.4273178e+00
   2.4050978e+00
   2.3830179e+00
   2.3610778e+00
   2.3392770e+00
   2.3176151e+00
   2.2960917e+00
   2.2747063e+00
   2.2534586e+00
   2.2323481e+00
   2.2113743e+00
   2.1905368e+00
   2.1698353e+00
   2.1492691e+00
   2.1288379e+00
   2.1085413e+00
   2.0883787e+00
   2.0683497e+00
   2.0484538e+00
   2.0286906e+00
   2.0090596e+00
   1.9895603e+00
   1.9701923e+00
   1.9509550e+00
   1.9318480e+00
   1.9128708e+00
   1.8940229e+00
   1.8753038e+00
   1.8567130e+00
   1.8382501e+00
   1.8199144e+00
   1.8017055e+00
   1.7836230e+00
   1.7656662e+00
   1.7478347e+00
   1.7301280e+00
   1.7125455e+00
   1.6950868e+00
   1.6777512e+00
   1.6605384e+00
   1.6434477e+00
   1.6264786e+00
   1.6096307e+00
   1.5929033e+00
   1.5762959e+00
   1.5598081e+00
   1.5434392e+00
   1.5271887e+00
   1.5110561e+00
   1.4950408e+00
   1.4791424e+00
   1.4633602e+00
   1.4476937e+00
   1.4321423e+00
   1.4167055e+00
   1.4013828e+00
   1.3861736e+00
   1.3710773e+00
   1.3560934e+00
   1.3412214e+00
   1.3264606e+00
   1.3118105e+00
   1.2972706e+00
   1.2828402e+00
   1.2685190e+00
   1.2543061e+00
   1.2402012e+00
   1.2262036e+00
   1.2123128e+00
   1.1985283e+00
   1.1848493e+00
   1.1712755e+00
   1.1578062e+00
   1.1444408e+00
   1.1311788e+00
   1.1180196e+00
   1.1049627e+00
   1.0920075e+00
   1.0791534e+00
   1.0663998e+00
   1.0537462e+00
   1.0411920e+00
   1.0287367e+00
   1.0163797e+00
   1.0041203e+00
   9.9195816e-01
   9.7989255e-01
   9.6792296e-01
   9.5604881e-01
   9.4426955e-01
   9.3258461e-01
   9.2099342e-01
   9.0949542e-01
   8.9809004e-01
   8.8677673e-01
   8.7555492e-01
   8.6442406e-01
   8.5338357e-01
   8.4243291e-01
   8.3157151e-01
   8.2079881e-01
   8.1011427e-01
   7.9951732e-01
   7.8900740e-01
   7.7858397e-01
   7.6824648e-01
   7.5799436e-01
   7.4782708e-01
   7.3774408e-01
   7.2774481e-01
   7.1782873e-01
   7.0799530e-01
   6.9824396e-01
   6.8857418e-01
   6.7898542e-01
   6.6947714e-01
   6.6004879e-01
   6.5069985e-01
   6.4142977e-01
   6.3223803e-01
   6.2312409e-01
   6.1408743e-01
   6.0512751e-01
   5.9624381e-01
   5.8743581e-01
   5.7870297e-01
   5.7004479e-01
   5.6146074e-01
   5.5295030e-01
   5.4451296e-01
   5.3614820e-01
   5.2785552e-01
   5.1963440e-01
   5.1148433e-01
   5.0340482e-01
   4.9539535e-01
   4.8745543e-01
   4.7958455e-01
   4.7178222e-01
   4.6404794e-01
   4.5638123e-01
   4.4878158e-01
   4.4124852e-01
   4.3378155e-01
   4.2638019e-01
   4.1904396e-01
   4.1177239e-01
   4.0456498e-01
   3.9742127e-01
   3.9034079e-01
   3.8332307e-01
   3.7636763e-01
   3.6947402e-01
   3.6264177e-01
   3.5587042e-01
   3.4915952e-01
   3.4250860e-01
   3.3591723e-01
   3.2938494e-01
   3.2291129e-01
   3.1649583e-01
   3.1013813e-01
   3.0383775e-01
   2.9759424e-01
   2.9140718e-01
   2.8527613e-01
   2.7920067e-01
   2.7318037e-01
   2.6721481e-01
   2.6130357e-01
   2.5544624e-01
   2.4964239e-01
   2.4389163e-01
   2.3819354e-01
   2.3254773e-01
   2.2695378e-01
   2.2141131e-01
   2.1591991e-01
   2.1047920e-01
   2.0508880e-01
   1.9974831e-01
   1.9445736e-01
   1.8921558e-01
   1.8402259e-01
   1.7887802e-01
   1.7378151e-01
   1.6873270e-01
   1.6373124e-01
   1.5877677e-01
   1.5386896e-01
   1.4900745e-01
   1.4419192e-01
   1.3942204e-01
   1.3469748e-01
   1.3001793e-01
   1.2538308e-01
   1.2079263e-01
