   1.6000000e+01
   1.5917105e+01
   1.5834298e+01
   1.5751578e+01
   1.5668946e+01
   1.5586404e+01
   1.5503950e+01
   1.5421587e+01
   1.5339315e+01
   1.5257134e+01
   1.5175045e+01
   1.5093050e+01
   1.5011147e+01
   1.4929339e+01
   1.4847626e+01
   1.4766009e+01
   1.4684487e+01
   1.4603063e+01
   1.4521737e+01
   1.4440509e+01
   1.4359380e+01
   1.4278351e+01
   1.4197423e+01
   1.4116596e+01
   1.4035872e+01
   1.3955251e+01
   1.3874733e+01
   1.3794320e+01
   1.3714013e+01
   1.3633811e+01
   1.3553717e+01
   1.3473730e+01
   1.3393852e+01
   1.3314084e+01
   1.3234426e+01
   1.3154879e+01
   1.3075444e+01
   1.2996122e+01
   1.2916914e+01
   1.2837820e+01
   1.2758842e+01
   1.2679981e+01
   1.2601236e+01
   1.2522611e+01
   1.2444104e+01
   1.2365718e+01
   1.2287453e+01
   1.2209309e+01
   1.2131289e+01
   1.2053393e+01
   1.1975622e+01
   1.1897977e+01
   1.1820459e+01
   1.1743070e+01
   1.1665809e+01
   1.1588678e+01
   1.1511679e+01
   1.1434811e+01
   1.1358077e+01
   1.1281478e+01
   1.1205014e+01
   1.1128686e+01
   1.1052496e+01
   1.0976445e+01
   1.0900534e+01
   1.0824764e+01
   1.0749136e+01
   1.0673652e+01
   1.0598312e+01
   1.0523118e+01
   1.0448071e+01
   1.0373172e+01
   1.0298422e+01
   1.0223824e+01
   1.0149377e+01
   1.0075083e+01
   1.0000944e+01
   9.9269602e+00
   9.8531337e+00
   9.7794655e+00
   9.7059569e+00
   9.6326094e+00
   9.5594242e+00
   9.4864027e+00
   9.4135463e+00
   9.3408564e+00
   9.2683343e+00
   9.1959815e+00
   9.1237994e+00
   9.0517895e+00
   8.9799531e+00
   8.9082919e+00
   8.8368072e+00
   8.7655005e+00
   8.6943733e+00
   8.6234273e+00
   8.5526638e+00
   8.4820845e+00
   8.4116910e+00
   8.3414847e+00
   8.2714672e+00
   8.2016403e+00
   8.1320055e+00
   8.0625644e+00
   7.9933187e+00
   7.9242700e+00
   7.8554200e+00
   7.7867705e+00
   7.7183230e+00
   7.6500794e+00
   7.5820413e+00
   7.5142105e+00
   7.4465888e+00
   7.3791778e+00
   7.3119795e+00
   7.2449956e+00
   7.1782279e+00
   7.1116783e+00
   7.0453485e+00
   6.9792405e+00
   6.9133561e+00
   6.8476972e+00
   6.7822657e+00
   6.7170635e+00
   6.6520924e+00
   6.5873546e+00
   6.5228518e+00
   6.4585861e+00
   6.3945594e+00
   6.3307737e+00
   6.2672310e+00
   6.2039333e+00
   6.1408827e+00
   6.0780811e+00
   6.0155306e+00
   5.9532333e+00
   5.8911912e+00
   5.8294064e+00
   5.7678809e+00
   5.7066170e+00
   5.6456166e+00
   5.5848818e+00
   5.5244149e+00
   5.4642179e+00
   5.4042929e+00
   5.3446421e+00
   5.2852677e+00
   5.2261718e+00
   5.1673566e+00
   5.1088242e+00
   5.0505767e+00
   4.9926165e+00
   4.9349456e+00
   4.8775662e+00
   4.8204806e+00
   4.7636909e+00
   4.7071992e+00
   4.6510078e+00
   4.5951189e+00
   4.5395346e+00
   4.4842571e+00
   4.4292886e+00
   4.3746313e+00
   4.3202874e+00
   4.2662590e+00
   4.2125482e+00
   4.1591572e+00
   4.1060882e+00
   4.0533433e+00
   4.0009247e+00
   3.9488343e+00
   3.8970744e+00
   3.8456470e+00
   3.7945542e+00
   3.7437981e+00
   3.6933806e+00
   3.6433038e+00
   3.5935697e+00
   3.5441803e+00
   3.4951376e+00
   3.4464434e+00
   3.3980998e+00
   3.3501085e+00
   3.3024714e+00
   3.2551904e+00
   3.2082673e+00
   3.1617038e+00
   3.1155017e+00
   3.0696627e+00
   3.0241884e+00
   2.9790805e+00
   2.9343405e+00
   2.8899701e+00
   2.8459707e+00
   2.8023437e+00
   2.7590907e+00
   2.7162130e+00
   2.6737119e+00
   2.6315888e+00
   2.5898447e+00
   2.5484810e+00
   2.5074987e+00
   2.4668990e+00
   2.4266827e+00
   2.3868510e+00
   2.3474047e+00
   2.3083446e+00
   2.2696715e+00
   2.2313861e+00
   2.1934891e+00
   2.1559810e+00
   2.1188625e+00
   2.0821338e+00
   2.0457955e+00
   2.0098478e+00
   1.9742910e+00
   1.9391251e+00
   1.9043505e+00
   1.8699669e+00
   1.8359745e+00
   1.8023730e+00
   1.7691622e+00
   1.7363420e+00
   1.7039118e+00
   1.6718713e+00
   1.6402200e+00
   1.6089572e+00
   1.5780823e+00
   1.5475945e+00
   1.5174930e+00
   1.4877769e+00
   1.4584451e+00
   1.4294966e+00
   1.4009302e+00
   1.3727447e+00
   1.3449388e+00
   1.3175111e+00
   1.2904600e+00
   1.2637841e+00
   1.2374817e+00
   1.2115512e+00
   1.1859906e+00
   1.1607982e+00
   1.1359721e+00
   1.1115102e+00
   1.0874104e+00
   1.0636706e+00
   1.0402886e+00
   1.0172621e+00
   9.9458868e-01
   9.7226602e-01
   9.5029158e-01
   9.2866284e-01
   9.0737717e-01
   8.8643192e-01
   8.6582435e-01
   8.4555170e-01
   8.2561112e-01
   8.0599973e-01
   7.8671461e-01
   7.6775276e-01
   7.4911116e-01
   7.3078673e-01
   7.1277637e-01
   6.9507693e-01
   6.7768520e-01
   6.6059796e-01
   6.4381196e-01
   6.2732391e-01
   6.1113048e-01
   5.9522833e-01
   5.7961409e-01
   5.6428437e-01
   5.4923574e-01
   5.3446480e-01
   5.1996807e-01
   5.0574211e-01
   4.9178344e-01
   4.7808858e-01
   4.6465404e-01
   4.5147632e-01
   4.3855193e-01
   4.2587735e-01
   4.1344910e-01
   4.0126367e-01
   3.8931756e-01
   3.7760730e-01
   3.6612939e-01
   3.5488037e-01
   3.4385677e-01
   3.3305515e-01
   3.2247208e-01
   3.1210413e-01
   3.0194791e-01
   2.9200003e-01
   2.8225713e-01
   2.7271588e-01
   2.6337296e-01
   2.5422508e-01
   2.4526896e-01
   2.3650137e-01
   2.2791911e-01
   2.1951898e-01
   2.1129785e-01
   2.0325258e-01
   1.9538008e-01
   1.8767732e-01
   1.8014127e-01
   1.7276893e-01
   1.6555738e-01
   1.5850370e-01
   1.5160502e-01
   1.4485851e-01
   1.3826138e-01
   1.3181088e-01
   1.2550432e-01
   1.1933903e-01
   1.1331241e-01
   1.0742189e-01
   1.0166496e-01
   9.6039153e-02
   9.0542074e-02
   8.5171373e-02
   7.9924768e-02
   7.4800043e-02
   6.9795057e-02
   6.4907748e-02
   6.0136146e-02
   5.5478385e-02
   5.0932717e-02
   4.6497538e-02
   4.2171414e-02
   3.7953128e-02
   3.3841735e-02
   2.9836659e-02
   2.5937822e-02
   2.2145871e-02
   1.8462549e-02
   1.4891370e-02
   1.1438966e-02
   8.1181451e-03
   4.9563594e-03
   2.0296289e-03
