   1.0000000e-01   9.2167649e+00   5.8466022e-01
   2.0000000e-01   9.3456489e+00   5.8432031e-01
   3.0000000e-01   9.4685952e+00   5.8398029e-01
   4.0000000e-01   9.5860037e+00   5.8364015e-01
   5.0000000e-01   9.6982392e+00   5.8329991e-01
   6.0000000e-01   9.8056355e+00   5.8295956e-01
   7.0000000e-01   9.9084984e+00   5.8261912e-01
   8.0000000e-01   1.0007109e+01   5.8227858e-01
   9.0000000e-01   1.0101724e+01   5.8193796e-01
   1.0000000e+00   1.0192583e+01   5.8159725e-01
   1.1000000e+00   1.0279904e+01   5.8125645e-01
   1.2000000e+00   1.0363890e+01   5.8091559e-01
   1.3000000e+00   1.0444728e+01   5.8057465e-01
   1.4000000e+00   1.0522593e+01   5.8023363e-01
   1.5000000e+00   1.0597645e+01   5.7989256e-01
   1.6000000e+00   1.0670035e+01   5.7955141e-01
   1.7000000e+00   1.0739902e+01   5.7921021e-01
   1.8000000e+00   1.0807375e+01   5.7886895e-01
   1.9000000e+00   1.0872576e+01   5.7852763e-01
   2.0000000e+00   1.0935619e+01   5.7818626e-01
   2.1000000e+00   1.0996608e+01   5.7784483e-01
   2.2000000e+00   1.1055643e+01   5.7750336e-01
   2.3000000e+00   1.1112817e+01   5.7716183e-01
   2.4000000e+00   1.1168216e+01   5.7682026e-01
   2.5000000e+00   1.1221922e+01   5.7647865e-01
   2.6000000e+00   1.1274013e+01   5.7613700e-01
   2.7000000e+00   1.1324559e+01   5.7579530e-01
   2.8000000e+00   1.1373630e+01   5.7545356e-01
   2.9000000e+00   1.1421289e+01   5.7511179e-01
   3.0000000e+00   1.1467596e+01   5.7476998e-01
   3.1000000e+00   1.1512609e+01   5.7442814e-01
   3.2000000e+00   1.1556382e+01   5.7408626e-01
   3.3000000e+00   1.1598965e+01   5.7374435e-01
   3.4000000e+00   1.1640406e+01   5.7340240e-01
   3.5000000e+00   1.1680752e+01   5.7306043e-01
   3.6000000e+00   1.1720045e+01   5.7271843e-01
   3.7000000e+00   1.1758326e+01   5.7237640e-01
   3.8000000e+00   1.1795635e+01   5.7203434e-01
   3.9000000e+00   1.1832007e+01   5.7169225e-01
   4.0000000e+00   1.1867479e+01   5.7135014e-01
   4.1000000e+00   1.1902083e+01   5.7100801e-01
   4.2000000e+00   1.1935852e+01   5.7066585e-01
   4.3000000e+00   1.1968816e+01   5.7032367e-01
   4.4000000e+00   1.2001002e+01   5.6998146e-01
   4.5000000e+00   1.2032439e+01   5.6963923e-01
   4.6000000e+00   1.2063153e+01   5.6929698e-01
   4.7000000e+00   1.2093169e+01   5.6895471e-01
   4.8000000e+00   1.2122510e+01   5.6861243e-01
   4.9000000e+00   1.2151200e+01   5.6827012e-01
   5.0000000e+00   1.2176267e+01   5.6792789e-01
