   4.7056979e-01
   1.1970360e+00
   2.1995189e+00
   3.4506385e+00
   5.5195627e+00
   9.6564216e+00
   2.2005272e+01
   2.2285597e+01
   2.2265216e+01
   2.2429135e+01
   2.6580313e+01
   3.0934024e+01
   4.0356041e+01
   4.7058325e+01
   5.2115640e+01
   5.6848288e+01
   6.1629815e+01
   6.5179426e+01
   6.9148781e+01
   7.2656820e+01
   7.6064076e+01
   7.9127069e+01
   8.2184644e+01
   8.6047560e+01
   8.8975452e+01
   9.1656318e+01
   9.4644566e+01
   9.8117708e+01
   1.0134606e+02
   1.0378307e+02
   1.0675097e+02
   1.0915757e+02
   1.1170589e+02
   1.1437406e+02
   1.1773420e+02
   1.2071739e+02
   1.2233671e+02
   1.2598363e+02
   1.2766705e+02
   1.3037846e+02
   1.3426461e+02
   1.3635351e+02
   1.3709494e+02
   1.4203221e+02
   1.4198804e+02
   1.4491036e+02
   1.4712062e+02
   1.4954978e+02
   1.5436188e+02
   1.5403799e+02
