   3.6841171e-04
   3.0187276e-03
   1.1197012e-02
   3.1064045e-02
   7.5529694e-02
   1.8862031e-01
   3.9654006e-01
   5.1934888e-01
   5.1509820e-01
   5.0486476e-01
   4.9307916e-01
   4.8742209e-01
   4.8626764e-01
   4.8655686e-01
   4.8715048e-01
   4.8785390e-01
   4.8860660e-01
   4.8938880e-01
   4.9018209e-01
   4.9098187e-01
   4.9178253e-01
   4.9258107e-01
   4.9337509e-01
   4.9416457e-01
   4.9494778e-01
   4.9572348e-01
   4.9649213e-01
   4.9725376e-01
   4.9800667e-01
   4.9875270e-01
   4.9949027e-01
   5.0021975e-01
   5.0094103e-01
   5.0165484e-01
   5.0236192e-01
   5.0306014e-01
   5.0375036e-01
   5.0443452e-01
   5.0511018e-01
   5.0577923e-01
   5.0643953e-01
   5.0709525e-01
   5.0774037e-01
   5.0838149e-01
   5.0901515e-01
   5.0964444e-01
   5.1026472e-01
   5.1087939e-01
   5.1148582e-01
   5.1208881e-01
